2.474955187798353
0.636108253141281
7.96047047904193
-982.7127055999382
35.614907212230165
329743.78098700516
360533.2029470537
926.8075231480659
-1512.3189973746832
6.17199194661067
7.233663424533462
8.889856919223554
3.444751330864611
71.29672824372322
2.0541674555773937
90.3859996552494
427.0841768058044
10.00398245689657
490.95278558494897
41.60997000217785
361.95820335379966
-988.3217776491497
614.03703565876
378.91342294804605
1.0776065330107134
-70.35020950706597
42.35106828387829
-160.7802870575788
62.55773271113886
1.5047764204970457
1374388.088834116
-10.893231455102033
-48.69293995883082
9367.573358026882
255.27155457418712
179.89121489011956
4.05073605398677
16.980244580838335
6.97597828181819
2696.653719781567
526.5915826283232
37.631718371694454
-1005.3253429839976
71.16889052457203
125077.15649361062
-46.28114240276993
70.52716970422341
481.45770521247454
1089.1501843037972
29.032200643216083
4997.162548368739
212.4913428077946
6017.015984470988
16160.739154635292
-355.4807435432758
1.072179657190636
1.2584313286743354
-15.437085171072074
170.93749884733967
212.24183469543885
-4.436275312924158
-9.491716573551662
52.841738773662485
