7.912678659603518
7.260371705614206
75.61350093853933
14754.37939782858
176.14115973935088
1.906243480175495E7
2.0836189718500905E7
3360.6337929414726
44091.48072985702
88.71387199795583
2664.8627885514534
28.991014268789677
5.130479534345913
2627.5935236100872
2.683297999238931
2690.2386987386326
20024.13138963392
27.90507020629602
2490.7841693926257
67.3210935797604
1994.4575192304123
15768.113293753773
2525.1612540523192
1671.1639684287145
0.8561760469011716
638.5620633281079
809.3984848822421
1115.554133106322
1288.1739752788715
7.727718604250822
1.4869385668338899E7
401.788181972062
2976.0635792262237
37601.225074134425
871.9008553108911
726.019154789442
232.0972022023511
76.94094107749252
77.6205668091151
18165.27701094295
2277.4090287653053
128.91559481839187
15848.470944128961
338.3728086490229
7426086.822676811
1622.829050832701
1194.190324994561
8137.904327226293
8275.339497546882
392.83141793921544
18015.81667262403
2270.2236433209796
27077.423982647466
112200.8176333138
1332.1270701667377
1.0887072454338755
2.3275106481165606
1280.0415354327413
1345.3794425233552
1941.5820120555713
149.28176005572288
228.55164615145418
738.4361837106629
