-0.7927161944957857
0.2800468167970623
0.8776256136055863
0.4886832474988322
0.9586345004208646
0.5588394879712801
0.7720050141822389
0.49405313577217025
0.38736085262987807
-0.9392791127607129
0.4049739864323241
0.5403944044657008
0.32419169153261773
0.10256984194128335
0.23477225178020936
0.06944738219987959
0.05910314802048136
0.5486193921188068
0.47985688006120747
0.07442150371286953
-0.28574878124248004
0.3557346570704688
-0.7043369337989543
-0.26149078647058116
-0.8391805215295892
-0.5205105163820442
0.36665937129858545
0.2838509608359579
0.046780444163578475
-0.656362929791878
-0.7285969535313678
0.6344417590843588
0.5663942244801903
-0.9851806540405736
-0.09724784144732407
-0.63238111750112
0.0285245468361991
0.5209813696792185
-0.43589792715092646
0.7818769324344462
-0.5093311676951219
0.046345823259930835
0.01754674581412165
-0.12413150853168586
0.42423505923796273
0.1799310852277994
-0.034148020204460776
-0.27277893941624504
0.3524559000383773
-0.6921348608630854
0.1814144734989839
0.8727894468761525
0.7008219206292138
-0.3105003195856182
0.0785567623809698
-0.9505220591165919
-0.9880936085598065
-0.8179663825414998
0.008782818910154588
0.17389485856401452
0.12855862756068773
0.46342370936178445
-0.19331255970669517
-0.2932763098941975
-0.232682109596918
0.5551736781184307
-0.7486891609954728
-0.20754598736919624
-0.7977788492118894
0.6049503989052627
0.6190450435003888
0.27678712017985985
-0.5328552201976765
-0.3861840100418974
0.6793372546620916
-0.595584762626576
-0.678383676275213
0.322240540599836
-0.4682483082103327
0.6398352899006471
-0.7374270763952817
0.19361166649188072
0.5514149399623381
0.01897997252908917
0.32350976344364407
0.5813809419896457
0.1637669552061065
0.3845416520124646
-0.940947514867638
-0.19338749289204207
-0.5299795774837037
0.46622952770665355
-0.04304165612418485
-0.21161299378360357
-0.9940062823651645
-0.6291075942943165
-0.8061729408517868
-0.6014914445284516
-0.7428229359838511
0.8610166471069857
0.6949426992538814
-0.5738262513184538
0.5345041841381344
0.715991927021932
0.2420646048409084
-0.7249274398817726
-0.5019919785760972
0.3196282773727132
-0.18222493236578716
0.7777612370341122
-0.33261842475531495
0.4081931698544154
-0.04310489110950083
0.02113640872517461
-0.8877760854160485
-0.01778873503161052
-0.12557804871247613
-0.3513161126152162
-0.7037425267906147
0.48198926642656514
0.5958890326768639
0.36124203542026556
-0.9450084204586502
0.8747506229493848
-0.515990422839518
0.6332131594066873
0.9685623203178007
0.49693748348745925
-0.035436198180964495
0.43494617645804196
-0.8900629011747357
-0.023254944829910543
-0.06369226855490814
-0.36535952484283474
0.2626357744202694
0.31717675517516963
-0.8390483109822644
0.607540629124178
-0.6347038616066109
-0.9742671660274765
0.4660266645687082
-0.6214760137208635
-0.11317117687283731
-0.025519990765507608
0.23273603737019635
-0.6829906010380499
-0.4315538222902725
0.5097964200656206
-0.13158706940445022
-0.30885334480378807
-0.4776744198019279
0.46206481738166966
0.060750286910842964
-0.16439711707718507
0.718753845187827
0.8447996186870339
0.6275767871950164
-0.37903064617284377
-0.523148368569924
0.42897121952506523
-0.08175376488774899
-0.028605469584279928
-0.5173420765750537
-0.6779044064558131
-0.7220955334927001
0.4143578638532355
0.06982090224588285
-0.2993025152503086
0.8471614128734941
0.030463403528189027
0.009818982140615445
0.3675302274221466
0.40816679254096927
-0.460000095323358
-0.5917576005208035
0.9419416522974523
0.695185127859067
-0.32558370075138854
0.04708662532037636
-0.9687768025650386
-0.3207726919894868
0.9455649618919696
-0.7365147392681369
-0.6709044318080372
0.5154791313342599
-0.737905889300191
0.2928100246940171
-0.8000604257731668
-0.19338412429231794
0.20194604662840274
-0.426385226074678
0.5525308537125604
0.5886304943719814
-0.32131205917617595
0.3879073657808501
0.12398424212410114
0.005343701382959838
-0.5714910506429423
-0.4339279007880142
0.23211196780824045
-0.7651891669351758
0.29966412092878936
0.046325574821507065
-0.9317232427661478
-0.9968994134104062
-0.8705777403102668
-0.42364379122084456
0.43875433104391376
0.8345764039668685
0.10708131565999575
0.5877270191014171
0.1537185375316883
-0.44789969320881007
0.6623550357974587
-0.47742871100475776
0.4278240424436952
-0.7433572423833232
-1.047221374970682
0.13460764018674204
-0.9597108024573866
-0.79319268509795
-0.32329027316809017
-0.11447718614351604
0.008865839164128985
0.315152778187711
0.8705730051835193
-0.214205697795652
0.6498993696025773
-0.212786696344816
0.012120620347928334
-0.9227001120274138
0.12914639246026643
-0.5497317258217429
0.38785026302802666
0.9039044327433777
-0.556126353412676
0.7276470732459361
-0.26663165478242107
-0.08442181707808595
-0.533796831743799
0.42937706323060576
-0.5873376507314318
-0.26046346403054776
-0.8857326569153909
-0.727968220131548
0.214576870785982
-0.1934424808218254
0.0633093657224765
-0.7417717862027445
-0.9139000849921666
-0.46360948688040127
-0.47736903088444543
-0.7712530499233771
-0.989463230358135
-0.7362908587286296
-0.8130550019832465
0.327978465856264
0.05096859441491917
0.6373507024180204
-0.14799924380803503
0.8690977126835542
0.3679973630995672
0.11212912501380631
0.6150253561336696
-0.654848067536208
-0.1714107771486942
-0.774101793684962
0.06652420702244487
0.7517813564679058
-0.0905997888761911
-0.5210578898580951
-0.05645138304687278
-0.5338142134655948
-0.7926086965633479
0.5932039998494479
-0.7809239992127212
0.16168889895725286
-0.8210125893393745
-0.8888332169123907
0.7951179366278424
0.334760038239467
-0.6520951061532083
-0.9011719577624195
0.7991340308468774
0.45856743633196084
-0.023593715384864142
0.9175263989058858
-0.9160382226829975
0.6474089986869416
0.11793684946658592
-0.7236269692091862
0.7602402368503178
-0.9157059536560256
0.8389902405446592
0.19391364082625265
0.23077450234289412
0.8025529245915635
0.6338920527003048
0.7672070836095649
0.8084821237420105
0.5936490868282989
0.36633963930512936
0.9859823040007553
0.17064502972527718
0.42625296095904847
-0.5635595631548017
-0.27325706486860263
0.4154563206195344
-0.8013887396899647
-0.5937770152089692
0.8805975232471762
-0.2858023930063978
-0.09971442154091036
0.12403274110990395
-0.36973353549194216
0.6803502518135611
0.4079860324220924
-0.7402343862656334
-0.25003959377812546
-0.5649317875867456
0.08609501006145427
0.9660754270819525
0.8018936345032522
-0.569263530852244
0.7483590114302622
-0.1285435447063705
-0.4137291535257384
0.1369914358834924
-0.8631059223055179
-0.7699064622389984
0.29595820572357345
-0.3909691450474892
0.827132464264494
-0.04708376775547781
-0.5953029388343358
0.8959996636596868
0.5989744522123298
0.059742639348472515
-0.2526553323911397
-0.3193192549674983
-0.5689815374923723
0.27229899014021824
0.668929119130212
-0.08728436367709423
-0.13444179268967085
0.802255223938638
0.006165324829198863
-0.3116096043622402
-0.8362781443758446
-0.14360188489785194
0.04570312042278003
0.6741187920506485
-0.25672144916606604
-0.5699153710155626
-0.32876916949539076
0.23809113818193217
-0.5715426092184573
-0.9112720452484909
-0.31271282375404796
0.2003568052090766
-0.016872139649558866
0.09185172295428772
0.29495303872860396
-0.018304657010275283
0.7163015592487435
-0.2913081493230932
-0.09171668434745019
-0.20611810466415828
-0.8158479217544176
-0.159252348530832
-0.556751273867274
-0.40103365571324295
0.894996254867217
-0.09378618036344973
-0.8685829102761172
-0.014027857209982404
-0.5446103110298173
0.253339794134257
0.5850524976784355
-0.6755807919913467
-0.7030709409680344
0.8220077730957047
-0.0928421597724009
-0.6809285976634915
0.9605443660563161
-0.9074359831349695
0.5619930026437354
0.6622052675893391
0.4963353089277137
-0.40582282530075753
-0.5917519896013248
-0.42262218691221726
0.6573254565449558
0.9630513690592247
-0.4418969923072383
-0.40324427111425826
-0.6911060252651331
-0.5383789892729175
0.1330129043239174
-0.9324133573663504
-0.8953243510995382
-0.7581569985835258
-0.027395147896930778
-0.09351298485295069
-0.4481270809327451
0.7179159143646803
0.1886034141794477
0.40578847552361874
-0.9569833551063477
-0.07330240354247035
-0.8744918598895443
0.833401973494331
-0.18488619826829814
-0.24621433248202565
0.26469108404560343
0.37311281220958714
-1.0154319973645518
-0.3459934677439458
-0.29775865351074626
0.5973928528516458
0.20942657337572865
0.9627748858412998
0.8787800380977614
-1.0381858984426504
0.36996908275400836
-0.29774784560325046
0.17851747446863925
-0.08114034675152207
-0.7543462974976819
-0.8098887618024286
0.6650052851731666
0.896396417894975
0.2389497453698252
0.7728135674540237
-0.620945895853784
-0.5274462017660531
0.6806153542394565
-0.23258744057486502
0.21460446439568626
-0.5984913495451931
0.689911391513491
0.27686476072841615
-0.4740378496998105
0.6418255170378904
0.8291119595676338
-0.9441501002464354
-0.4545988173404123
0.09191663244597348
0.2941126217093794
0.3209395891657241
0.017226358223857166
0.5873777273929416
0.5765055335122974
0.15666139012365055
-0.19251739621851854
0.281137333965826
-0.04511397052224877
-0.9124330856400293
0.37193452361139534
-0.9552758721220344
0.6394337391013544
-0.8448278913554018
-0.07224051597279663
0.8845205721563768
0.18564418574144462
-0.5513730050952759
-0.08024572372697199
-0.786702633297916
-0.6388201137114944
0.02668300352584291
0.4008781236739686
0.2564884809347839
0.6794103936793031
0.686934876746677
-0.4788246709010906
-0.7726128077825748
0.5340304992280346
0.48613428679287324
-0.3618997546581239
-0.2808773039708783
0.804397768781073
-0.8925373213097059
-0.48927099057288553
-0.917234652771746
-0.4760709439913824
-0.38785212176102934
-0.10681604458834139
0.9270847447840223
-0.39308316613096644
-0.6869449579601394
0.749935350220539
-0.49450257424879407
0.8990561527936484
-0.276089810308321
7.891138962754226E-4
-0.6563206472724704
-0.6239554127793763
0.4124768576759932
0.38805722825618355
0.03532751051778073
0.38002959863357766
-0.30530096823082953
-0.28670616007843097
-0.6896542248143833
-0.9372028305637059
1.0467303632859288
-0.8226763662463039
-0.6948563196763644
0.17174156143286556
0.5137737668343076
-0.7089214094783506
0.2920869776887602
0.403370755878185
0.8051740168036752
0.44953891107843413
0.011107739796349424
0.010470553197615532
0.9131394195523115
0.906919408465685
-0.4776421511381516
0.7599783870887103
0.8944072239058987
-0.4032215738884989
0.7795135947791714
-0.7845182606651687
-0.7632735935328298
0.9600373120361105
0.9660942306488256
0.016130111856894374
0.05562923237429613
0.20733880726666973
0.2585536698441628
-0.017346482262886903
-0.3614698781308432
-0.5386292656656274
-0.34452565261764
0.6113303231675316
-0.7384373725876198
-0.8865316113400706
-0.35586996199251253
-0.42841215950002204
-0.013239423717490133
-0.5857476031210589
0.41797653375601285
-0.3696754023457524
-0.11845992648128358
0.4061308384421816
0.8427754488744534
-0.8964367200939665
0.8713217923718966
0.8627129768843713
0.46443456530686666
0.705990817354702
-0.2780621506598798
0.8194542035367867
0.8543666396769997
-0.06492286413157472
0.2213866927007836
0.3615517066100014
0.5714710820784001
0.7818314064588029
-0.6311392948054875
0.08357142178319074
-0.13865974984165022
-0.2868285183870165
-0.7972171914629582
0.5934218891559816
-0.5582465058974774
0.39399396546123644
0.4783382126863426
-0.17867134117902253
-0.9086577357658728
0.2110232114327766
0.2045705528888757
-0.16778795198548366
-0.029457401236782612
-0.32747873093515156
-0.5346743125926365
-0.413266087321639
-0.38354896134748523
-0.795137648467269
0.5159028681937232
0.567093871384987
-0.252440290858465
0.02986951541150541
0.13981658792272558
-0.21354774835899215
-0.26851587332535776
0.4631217613502319
0.02974429430723923
-0.3134430984884087
0.8792042203988689
-0.17192981081289074
0.5265464906364128
-0.38404582775404233
-0.4152676545088737
-0.9983989055006888
-0.7892280198719266
-0.3625719459017521
-0.05116815354549032
-0.04305821754739596
0.4359219367647822
-0.6223788800144078
0.6599405145828163
0.649443273323281
-0.828664247129307
-0.7555980374478821
-0.986323140255372
0.4272565866027902
0.630657510148224
-0.3384229184852919
0.5075222825531618
-0.44363307146388514
-0.2935583319705753
-0.5636119504916675
0.7912865280591626
-0.3531067450427864
-0.9914376725427916
-0.08928710542322156
0.518250571847415
0.3178967229067002
0.5925616037289781
0.8842456687948119
-0.7183432051950037
0.563771878329245
-0.977561962167181
-0.5167900607990908
-0.4190934953304134
-0.32977069033475276
-0.28325600773009685
0.29276680026974117
-0.6000440558268246
-0.7726197566303145
0.712042008370547
-0.15185519260103178
0.16044642243524923
0.6841515331392073
0.8656094394565458
0.798372460751628
-0.7016081508432576
0.20034311876311697
0.9926024828872363
-0.3163053191761765
0.7246619886324898
0.058846676818483636
-0.3204483614859228
-0.02282927830735215
-0.7979929730377137
0.6776603199867288
0.27372076957182656
-0.856031346805746
0.872827273886023
-0.402845117671541
-0.5293730102001328
-0.08725431531099498
-0.9146104649165578
-0.6838528079445163
-0.5729885676355893
0.9779401458125486
0.2681975896589797
-0.4650136250633368
-0.2166608699790636
-0.09371416475394878
1.0117769895682223
0.4976277132836517
0.2926552286373892
1.0129888859100946
0.3479732354550548
0.33467147514257944
-0.23482511224424224
0.55277127048236
0.9689645342113934
-0.4506015646204997
-0.15946104210988032
0.38611423257532984
0.04342386635942956
-0.3810176100585511
0.6372920023167109
-0.9524792266213219
0.17123497274233607
0.7172329240986057
-0.191968166048158
-0.5177834936752058
-0.8516951309729834
-0.48502757151366094
0.692554558559519
0.06122883629233024
-0.13973743029224373
-0.6149898096748642
-0.5079186910553484
-0.15288598943674647
0.5347766549073916
0.36809147716800766
0.20892144533564552
-0.6837853175689952
0.5843174830944581
-0.13419566097132704
-0.2398286233305204
-0.7436184043139884
0.09214440642825839
-0.1858827505366485
-0.38136087830464427
-0.39728936978945373
-0.14239561825592323
-0.4577880732370339
0.7292502560526597
-0.33218747083868244
-0.4306845740748417
0.2955574535869255
-0.3006616672031206
-0.08599062655353121
-0.7779508008755464
-0.32706751664847705
0.7088643802127381
0.4476245173743241
-0.1768914015782392
-0.19605317004123313
-0.09317427702419954
-0.9169368035998509
0.10498815123890712
0.08840490718592578
-0.46424616053227563
0.5518971164743036
0.7165851785529167
-0.5933562701014465
0.4134165915963898
0.8537068351501236
0.29770266952314134
-0.592052027466299
-0.7663843991423444
-0.3642543877097938
0.8559540776614393
-0.20033964508333194
0.2723432476194121
-0.5287546039329952
0.2510321045491764
-0.6348187266380929
-0.4102386355436613
0.8030912478290255
0.2344859392357505
0.20779757582756525
-0.5794744527057452
-0.08285878099668
0.6899372885925127
-0.2720951321729959
-0.7297667671532259
0.1058402557146052
0.3457448920611669
-0.7293117804795477
-0.5725066843456269
-0.08316296900034517
0.4384549338163478
-0.6027124128344022
0.9039635606788908
0.6128399036672904
-0.7826300411430906
-0.9535695237982864
-0.7931756115523287
0.7807052077733381
0.5852799334318685
0.599040087298582
0.857929995977215
-0.28285165450095756
-0.7488607348675961
-0.959520718238189
0.5755015541888291
0.17523974046996457
0.7471040602823712
0.36268506166872466
-0.5858783103345537
-0.4857936748875266
0.4173070499192521
0.41618899628783984
-0.6849687153411408
-0.46205709261286504
0.3211650398547949
0.7495544012362928
-0.6912105552587818
0.7079817832015082
-0.982494333159944
0.4919689605868486
0.12088063120223701
0.773039784478963
-0.033592985519699
-0.6192927087470348
-0.9028244054046202
0.8740510768164319
-0.2262900254780038
0.332483497585587
-0.8423578503767356
0.21417295313104928
-0.8566719035150291
0.8406686795843645
0.07349906435623006
0.8905401764319513
0.1131761776957637
-0.6307352976900904
0.5557009171294591
-0.8804513606300118
0.2185363302738064
0.41539708803962816
0.7466021142116833
-0.6544223476956792
0.720694759147727
0.08075237180901348
-0.9076966025996606
-0.011776208519489571
-0.37244893128200385
-0.6614241269751625
-0.5718277187580759
0.969594053251687
0.1695690051589853
0.8614393060447424
0.7694338830781201
0.31386388999919973
0.9267522133114159
-0.9460232375642518
0.5234764656209241
-0.6703812009633008
0.41944517023412414
0.34286541715381647
-0.6317531068085104
0.8757592811323122
-0.2163847047674255
0.6634945148328398
-0.5067827424788728
0.03616908640055154
0.4718690915992169
0.3896270512615131
0.6590156172245606
0.7191620648637387
0.247720564391981
-0.2794266819834838
-0.7847716350842832
-0.2570277767264079
-0.9224796223424117
-0.3851711786250557
0.2225248385460883
0.3071169940717407
0.29837861376123387
-0.45945525601604054
0.2332174741402311
0.47469637078059
0.7569765869791197
-0.7095867847962339
1.062621324528132
0.5573864342051484
0.29416669510198207
-0.33491486665829856
0.7894444514084302
-0.19579567048623597
0.5464599705526239
-0.281479534587772
-0.08379623163710338
0.2859272548992956
0.1387560802459418
-0.4971814690124986
-0.3762904407503456
0.5184101845258552
0.946624396468732
-0.3938929241626407
0.7260533315816842
-0.06133587074423928
0.49359579865025377
0.5448446495033151
0.7750989123018295
0.024105164654108106
-0.9233669107534129
-0.7002458823281337
-0.20560300344672688
0.2169735516564711
-0.6797641804844575
-0.39044897745686624
0.6880666297674618
-0.5561316211999057
0.7098111719764804
-0.20618573953369276
-0.7909024177163122
-0.41872977158777
0.255949158246581
0.05337377050026864
0.04371681670070348
-0.9162947219627682
-0.6507856622908594
0.19431297614656204
0.8181731010621209
0.21215271311863623
0.0321447922242667
0.9412833099177152
0.633155266570251
0.3322032725466855
0.7991344983677318
0.6519801378357694
0.43342153723467386
-0.6275410448833091
-0.3621739294983328
-0.28850708181702894
-0.6423118221882205
0.26223788047179786
0.34721609998294817
0.3943337825102922
-0.21060178563175053
0.7939760318150508
0.6768533878340596
0.31387728932761816
-0.09281256632203888
0.6541778261032302
-0.048919490183086355
-0.6155376874287266
-0.5385759706449932
-1.003302772875149
-0.8263294217298044
0.9616172541310457
-0.41994478501248395
0.07009628592315174
0.21674635795469352
-0.7983189427080886
0.4082810813286045
0.07635460484445186
-0.3475153407768974
-0.662690375913426
-0.11582142852350956
-0.4796604574363812
-0.7524387448851718
0.7925079497230303
0.19584445864530856
-0.9499873884324339
-0.16172174334802925
0.6784925780993436
-0.5389177047426161
0.011187538754365336
0.4408839037375646
0.8038400295548218
-0.3915453202196612
-0.8022076078937427
-0.6551635293315597
-0.5265536049131261
-0.024260940452221776
0.2284564819112233
-0.999288974025413
-0.04248282313875568
-0.6597263703009688
0.2908294041493231
-0.23812550627790235
0.8108120854791139
-0.718269320659959
0.08702804417097629
-0.11710494092247112
-0.5042450893907102
-0.2829039360085858
0.6990532322908511
0.5191465050634
0.3507953112756001
0.6390352845468452
-0.5191761515668979
0.483369100673247
0.30082221581284097
0.9438083883326732
-0.6704112707711759
-0.9196181507738844
-0.7525536115618089
-0.7269690831704159
0.44177134782018224
0.07927954845138248
0.07863717844589999
-0.7235688249006097
-0.4761793355436174
-0.6249937796701025
0.08128986547044824
0.0869626159616531
0.5611063453454977
0.9337152664891661
0.8524210287654013
0.428903663493268
0.10961627615657636
0.4718444137325668
-0.7767929917767941
0.6072455509998855
-0.7755614148911523
0.9744007672119646
0.8984541218755843
-0.8272119536317468
-0.5935839421730366
0.7197931884885147
0.16467346584568213
0.4967596385318547
-0.6534397457426366
-0.7820513868565315
0.5203758601057187
-0.06456715959034125
0.6490164730378031
0.82515197070562
0.013062734676815334
0.44691132568201236
0.6678455492294076
-0.2947014681797497
0.035657558889686664
0.6671794822007889
-0.4896071112083717
0.9416857572579489
-0.8824215827116341
-0.8830727748975137
-0.8387183193100243
-0.5407517622407589
0.09128268491513687
-0.08525870561199628
-0.004184597046499402
0.07335595384769042
0.38050505566894766
-0.3715534186591441
0.648873161236771
0.20512753091235825
-0.17072671183585392
-0.42927912951759145
-0.45063811411414123
-0.8365176961264583
-0.3165510129309869
0.6164530386922207
0.14010689629360942
-0.3614108273505305
-0.5452858539358608
-0.878152826712461
1.0072743422926194
0.3537314596181398
-0.790639743139264
-0.5307688230700189
0.6139462518623962
0.5305330752928386
-0.8210849266211413
-0.5989207158482183
0.008154090913738357
0.09491940503563018
0.4342492113443957
-0.19793324337787124
0.2419569032525623
0.8667552009639309
-0.5798508839787668
-0.13597019942728897
-0.18256284018792004
0.3178392881726034
-0.18836283964541556
0.559185100362093
0.22654507754340417
0.5059327580771178
0.5815959965173607
-0.892878695762294
-0.6839365002408452
0.5696173588442417
-7.748675406408038E-4
-0.7789208345479849
0.870974495932676
0.06358097196102414
0.5057262189408979
0.39775473779596393
-0.2054338073005727
0.5139416880388942
-0.277407234653652
0.8663367948546027
0.27572596340178396
-0.4578483353664901
0.6951119080224821
-0.9976530985809003
0.5590081233800203
0.5512509355267038
-0.4670954218470169
-0.7471992210367655
0.2596549690994153
0.45939635427751363
0.8233560407226524
0.5608502934178362
-0.3514197619540103
-0.38414775715984345
-0.20224864031817322
0.6715587652391494
0.4223313060755206
0.7100685306475761
0.29932400565061185
-0.6624873368042589
0.1598453427426143
0.2502479453921945
-0.522346215720975
-0.7475278072085826
0.15584955521109434
0.9062028511840958
-0.7707845755667702
-0.11158192032315312
0.42525476135223317
1.0087975319507776
1.0546953258697533
0.3815758585533076
0.25091450627489525
-0.9617718571661057
-1.0366879078113609
-0.6604284650870974
0.8606180636678575
-0.3334226732629474
-0.7871116206252355
-1.0270801756119408
-0.6415037364937772
0.03916166148344007
-0.7900068474492373
-0.5801243504781539
-0.5874644416373198
-0.26463192466707647
-0.6608783829715522
0.13478470659121453
-0.2377595680778029
0.12533288873282236
0.43257860433314677
0.14814388947158155
-0.6045818032058811
-0.16573699603732633
-0.714466358545317
0.9572707258724498
0.17612598288090475
-0.3602753178674911
-0.4060040929159515
0.17160748650134552
0.2580285352007721
-0.642653364006446
0.10899897437310731
-1.0036660695527766
0.6881872583376774
0.5698891868411351
0.3862367633899237
0.9833015397275187
-0.8163317469588949
0.09045733252754672
-0.7543861467597316
0.339837671375068
0.7534380843826735
0.1341784797593146
-0.838088821241947
0.22677834777420067
-0.38963541425011494
0.8489546945208349
-0.005785592205312902
0.7109074387298843
-0.797497448951269
-0.5923419059444387
0.05481376339425635
0.539508772933263
0.720961849025026
-0.8073508136803079
-0.18040725391688095
0.30864520490756786
-0.9605160873029713
0.1762502846879435
0.3613557296424558
0.39999672453557644
-0.2808203478881316
-0.08912785010119977
-0.14523894501058454
-0.5885203040883363
0.036424157385985236
-0.4602230350626366
0.20896746476817674
0.3404347884776578
0.9716348685982827
0.7802971506250985
-0.2538803157879079
0.7102615012230195
0.5864624669834542
-0.09819234805664757
0.4202043149736599
-0.14441976483118013
-0.8918413944705595
-0.6589777642725609
0.26942796807779607
1.0056534061775146
-0.1277951153651017
-0.550632389195016
-0.48959666853752526
-0.6874521761655249
-0.8624396830941435
-0.6480189543835125
0.48770130445467286
0.31999244609691535
0.678408542382404
0.8170632728377539
-0.2517519607816259
0.9673154195755399
-0.10197745770487866
0.4914948701297919
0.9560195530233049
0.6313814605319886
0.7969713877336062
0.7309344166741174
0.244825586300368
-0.7119153453365683
-0.37121505753827294
-0.5564423112394502
0.8729121137490763
-0.678545677322181
0.09405188349132393
0.7540783183038351
-0.5593619446939965
0.30018864690425195
0.4587314856976265
-0.12195137237648772
-0.9271602104386435
-0.29006461271305506
0.16595407158993453
-0.5163375782504942
-0.4760152028138182
0.5549417639803027
0.28142364450642776
0.4743521766542056
0.7665896559825839
0.3177422209849692
0.9650620223971199
-0.6477754408296851
0.871527675814019
0.11756954373811133
-0.8737984973209376
-0.2816342102649677
-0.846649573605887
-0.5342339407268835
-0.9587209464630617
0.766327482265637
-0.6999995325081074
0.5965839181459428
-0.08307235333447943
-0.9121194297778374
-0.240119362159609
-0.8860082458131192
0.24325701158154756
-0.08480509300579964
0.5649388392685306
0.4367201569791518
0.5588568262860233
0.8755532286334757
-0.32967724601459586
-0.0731424080674473
-0.5347168963407248
0.06917068490181053
-0.7465219640683353
0.7274373740725528
-0.11125685096258126
-0.0559983357681459
-0.0229267272188813
0.034352427266449825
0.3730316110257214
-0.16657521775084908
0.11904959057488329
-0.19283584117346417
-0.7597362294955672
0.5271541183378908
-0.3317426683256437
0.9539722515757839
0.7572521982177144
0.12753571928497165
0.15498370205075035
0.8729936019925523
-0.08472934931676222
0.11077516710131116
0.04092272609587861
-0.9084400368130975
0.9332497591482659
0.4846022537454323
0.2473953099374339
0.5053781542980851
-0.5503796582051839
0.844150769761394
0.3985310737356771
-0.23751612412958967
-0.3577638726274996
-0.0032363501653853667
0.3102395202560685
0.6405246170574245
-0.5848437900953601
-0.7435596423922491
0.7999088237879759
-0.27537181654206294
-0.09032741389590696
-0.0020708096101989307
0.24695512240511727
0.2772458562374775
-0.19505366950077213
-0.2342422845233478
-0.7382552245308163
0.36292067235324843
-0.6500962648854497
0.9307130630485043
-0.3914399254914356
-0.7837400938423261
-0.6808887326227776
-0.6492921029528802
-0.40771561241001897
-0.22077113917096752
-0.6275058879451053
-0.005124100607322885
-0.321921328370704
0.49095122873537206
0.8176386983933722
0.6100830648009108
-0.006668827496246634
-0.8700174721641121
0.6400871980708865
0.14143310325938438
0.5409617585936155
-0.20889414212414453
0.6742650277891556
-0.9231990199465562
0.9356179319305115
0.27377993732144923
0.17687920234787874
0.5219548962149828
-0.23515928463867797
-0.38249363239066103
0.5303938128739261
-0.49870424538483343
0.01975534176013058
0.9064375457626425
0.8148780185540422
0.6889511208512715
-0.7413964465177568
0.5662226602704057
-0.09899893105150248
-0.6896369477844189
0.36082092945023286
0.04031600981609098
-0.5196867616018347
-0.6484355687125207
-0.05865207409284127
-0.9982619291591366
0.07733127317756275
-0.6717062899588081
-0.5464375685263737
0.4123966630655526
0.5952087790156864
-0.6516537248513393
0.7699589463151008
-0.7483809892339552
-0.27385257415108105
-0.9295883200008939
-0.7303805941956661
0.7334225445689472
0.3038985617568919
0.7140324006328268
0.04405387428670481
-0.7676508639220084
0.401316164798233
-0.1547783163783555
0.5080251056070514
-0.5871774110246784
0.6011484946710021
-0.500107717215064
-0.8802353669615876
0.9358589139642135
-0.04022019266026995
0.4866819834809291
-0.44305259849246936
0.8756911542671955
-0.06877781654597846
-0.5856171792051564
0.6523223799203701
-0.8740185086507531
0.5336797687488375
0.08072691376123997
0.8082555964659287
1.015854372739564
-0.610101575742615
0.6290975170185893
-0.04503444742566271
0.12833751852075964
0.28490714939059236
-0.47173109702623056
-0.8947375513720217
-0.725242745767851
0.5806819356190701
-0.8223776286005706
0.779633296597592
-0.4568830997560102
0.7404193701082871
0.4493801412950391
0.20574257906740692
-0.8735200061713373
0.4508147903687318
-0.48878839999708396
-0.4371576031038095
0.3898307762707542
-0.3680331752473031
1.003612442182934
0.9184396389831837
-0.8703536419408319
0.4596409658597921
0.495069300577151
0.2024481096542829
-0.1346390184528494
-0.693030828180255
-0.7792085375954855
-0.7887955786593507
-0.958166769474161
-0.6517559535215767
0.5807712648602978
0.5928207127454737
-0.9278574008690966
-0.5146606578484296
-0.4305619956560287
0.07476422129424744
-0.6435765122308991
-0.5416557699946208
0.6952225323674465
0.25447566522690906
-0.4591049171651742
0.7962287422667591
-0.34763731209582127
-1.0261932960688411
0.27761181073936725
0.8236090370178525
-0.3168965635128995
-0.6881473241661828
-0.7496245073411917
0.7578608208032823
-0.19785288983605356
-0.8073357568667955
-0.8294309820368632
-0.045482173799991275
-0.7595754620229874
-0.6964181811162349
0.8129827477915813
0.7800509114134688
-0.6195644349328726
-0.29114447110860864
0.6931200618103784
-0.2912086439596702
0.1340306792436362
-0.5687714073170335
-0.24519793199572132
0.038969502922671456
0.14278077508442022
0.12772902998459348
0.3912441424600275
0.7262029164963705
0.6225794155215237
0.918320456366484
0.19860096397204954
-0.2731986273850403
0.926859020616097
-0.49623086140396233
-0.21348594191618123
-0.5532421102969758
0.3060140698831459
-0.3681314324262397
-0.006109268252539958
0.6811286761352304
0.4651131885242804
0.9744914523741876
-0.30254866101728584
0.3715748964362581
-0.5205128313330084
-0.23259227676173605
0.3308214843092991
-0.11841910057190283
0.5588321357661147
-0.8680408746164003
0.4102763718836014
-0.9147675419355915
-0.7411508770661064
0.7892425900455453
0.5134402290542496
-0.9445632818486447
0.7007085926714411
-0.5925209196920365
0.2071864830739273
0.9632966840566884
-0.13662971145051128
0.15586534619457745
-0.33155637458241005
0.36449961374792755
0.7366724348244439
-1.0064370117311254
0.9182837171294477
0.7404098959910512
-0.7123587998837866
0.5156192051830975
0.3991419566805497
0.7807224315209093
0.49224810277821157
0.7780029111753376
0.008177913402321796
-0.5443163239715655
-0.5698870708557284
-0.4522895732654202
0.889032255183729
0.860608233094202
-0.6952013184450164
-0.5983520875272168
0.5737157784260212
-0.7440437724852966
-0.7620311728712784
0.51413219478906
-0.053199726985296035
0.5291838512220168
0.20069901698264206
0.030237769481351307
0.6435327832076552
0.5789239037889722
-0.6684216963639245
0.025042897646078283
0.2092925983216904
0.3041823938500936
0.7865800823288696
0.9717791889381625
-1.0144188644116947
-0.37647090740959005
0.05548357350591801
0.7246566091981638
-0.873573499165929
0.5879219263879465
0.7477010728071969
-0.8630691001623583
0.21333016925841772
-0.36093969865598624
0.2235448197924026
0.5887033661400942
0.7411446270113226
-0.005573070083072858
0.02102622809990615
0.8186126078844602
-0.3400124297195528
-0.264204528296743
-0.8344266428260579
0.9988366418385904
-0.035616033604418916
0.7445038529113899
0.2275099777515893
-0.8432386712736554
-0.03225658872152383
0.553321664322222
0.9577277648652935
-0.267057645737135
0.2584068375726364
-0.26143405454240803
-0.6863210904037345
-0.2705907258617356
-0.12587544844399004
-0.9378789982320196
0.45426349053511417
-0.14527205032060053
0.4786994060961926
0.7247840946583616
0.49008310857300913
0.6835992921907696
0.17208482510839573
0.4910777965640179
-0.5334140914785395
-0.13039525321188597
-0.6344560159060263
-0.9237262173103211
0.040383678492163344
0.33260484845755717
0.11566930266950329
0.15925086410255598
-0.052076083723612804
0.05403800338883539
0.3700429772639079
-0.4417254941098035
0.0605074573539175
0.859233295555228
-0.41185918184598636
-0.26007289377004195
-0.6154582780087744
-0.8141667019812407
0.48330379896549164
-0.8815747014905344
-0.513261735164273
0.9393521639759705
-0.4351930368985654
-0.9016251383926804
0.4870429814106814
0.49664089032926034
-0.8781193583710968
0.20057808718616635
-0.8533980145152873
-0.04760532274637778
0.9131433700042793
-0.5503607576803672
0.1344236634911719
0.7412439957974517
-0.9514771576600881
0.7636883573488673
0.34123737169053164
-0.4213079135129397
0.7859348754017539
-0.29026279202306493
0.7861469909558705
0.5867217981736644
-0.22554664198521904
0.7694813518206248
-0.8472960584594125
-0.863743021585656
0.4959787640293535
0.3617050822929867
-0.26920125019667984
0.22714565500390796
-0.5373900942780019
-0.07002350390729627
0.5793798841947687
0.3026241112745796
0.8341866403508492
0.7759644915527772
-0.6550175456175978
0.6822510546085578
-0.0414646244167418
0.5343323767081516
-0.4683409158656548
-0.9552021173233564
0.4520635677211896
-0.5759511726037657
-0.5253168036107609
-0.3342557152130213
-0.3049935219391968
-0.18400565390610218
0.7092241967961505
-0.8291890497145198
0.9305430906977638
0.10771955142434157
-0.8980094913163635
-0.5261407135551771
0.6587685790391753
0.945210916053909
-0.7496095172596308
-0.5605924868239025
0.3379680609516981
0.41622961251723267
0.768559579029019
0.3859813111621543
-0.40592676126976895
0.5592585428849601
-0.21036036074856096
-0.6480737053818649
0.8176390938082512
0.8773142700061826
-0.7192659091426162
-0.16078626759426567
-0.9778985368920353
0.7858228928431583
0.6281812160687766
-0.2990452024746448
0.9289028865243735
0.01901665971510497
0.8724696054313952
-0.2937866951304373
0.36798375012832785
-0.5311148425930033
0.13880720329283663
0.9922308037472961
0.784324523100295
-0.03500572254428358
-0.10439860141592308
0.7207809626599708
0.8599789426673808
-0.32722448606412413
0.6852781022320932
0.7093234793469615
-0.19552586284383694
-0.44905906416940944
0.3358995107134096
-0.2116877232226317
0.7489878410541482
-0.3635771097651686
0.21195604052008035
0.09013427822068143
-0.6229527048210355
-0.6850678223350178
-0.9584954701579241
-0.2182691793897784
-0.23955669724634573
-0.9194448682404021
-0.43032741887152604
0.22909668628244473
-0.10854746066164067
-0.41933133835144293
-0.7256242770689237
-0.9713974659312193
-0.20558352654923
0.34029573590680745
0.19307151710819823
-0.06975437715137932
-0.13289160230931904
0.550544647761079
0.8745016545549917
0.72269397953634
0.7463679506960748
0.7009154123371248
-0.6993112178041716
-0.7174539892248333
0.733708206931573
0.4978976637404333
-0.10191167277458649
0.5247325400866727
0.7363000406272098
-0.30249150582266254
0.13403372627472487
-0.9567997679665787
0.6303961795835773
-0.35046889513454604
-0.049023563304186016
-0.5383307415926675
0.1599724901104343
-0.5854933730349965
0.414088331687242
-0.5674413089686147
0.029578597182876983
0.5610014076610647
-0.9253161260464308
0.4201530488338338
0.6829874301122804
0.9076910667962651
-0.18029873090128662
0.8532947813917765
-0.6674010960886784
0.3888039454720414
-0.2029339856531178
-0.42819363715393965
0.07841443310416235
-0.04901334924580407
0.9333920990593442
-0.9506494258851531
0.4569524114070186
-0.9949394875616189
-0.4472909618439284
-0.090178919659226
0.6386489257303017
0.1795766333580098
0.32441912128122635
0.4211574377549296
0.5633593678085586
-0.75410435722568
0.31062752543166156
-0.9152565854134027
-0.6973579533759476
0.2476634193910414
-0.9838112282853083
0.11693592821992288
0.4868250078406407
0.0849305355270473
0.4168113900108258
0.24900139416047934
-0.2577731758646267
0.6888708175466987
-0.9770802556016026
0.301406906468893
0.2476039720853722
-0.45234944429568325
-0.7233204042903026
-0.23785283258208437
0.10530244689397672
-0.15285809097751368
0.7068659912629888
0.5707563107907097
-0.946072104361896
-0.8110316303115332
-0.8907023216594406
-0.9289236131552953
0.25741440288992484
-0.12346510607963143
0.043257063603633635
-0.7455677512806388
0.19636360996056554
-0.16119683961512982
0.8387723400864552
-0.07156302980097456
-0.6141247515796846
0.6650466116826251
0.316055840313819
0.9838605247512877
-0.5478415890205601
0.9017404448776912
0.2641945077370203
-0.07421182045787532
-0.4322960264764002
-0.8943773567997918
-0.783281875487961
-0.3268086358157848
0.7110026341563792
-0.41273098625727456
-0.70514528766467
-0.565050636930838
-0.8851269211990355
0.5780237842963717
0.11050532284306275
0.10961719449880766
-0.6041129136032213
-0.21978445976348857
0.6965575821675642
-0.3692754741059672
0.42706096714263675
-0.26830000318695235
0.4303552647632687
-0.8623995629690101
-0.24075377945300316
-0.7151430820588488
-0.28312463110016234
0.18273792135993983
0.34250998666039295
0.032152513274017115
0.11851110022802583
0.7079694660745848
-0.5767087568466087
0.07308750813723883
0.36771556313065773
0.7456795813452719
0.8403191565710394
-0.7213012835717395
0.9186548904110631
0.2500324019345938
0.490643365949738
-0.9180913363363298
0.3839386107380315
-0.5344906342509009
0.6130910472273335
-0.2998035533521013
0.48358393121961285
-0.5995053564692248
-0.6499245331342443
-0.053483585651280335
-0.7803874048485491
-0.07497047893250972
0.9012192120069842
0.15522703660523962
-0.9240718764174247
0.8986962439838337
-0.041639935237879365
0.16883403392801985
0.2857126470370669
-0.6037223467502248
0.31137716601266624
0.26291689656335776
0.7596417508177731
0.5829685071980849
-0.7310913620723166
0.3760242852088271
0.9992400672350785
-0.8656237529382029
-0.8593560523529478
0.8990226380159493
0.5372132032137259
-0.39384912628144153
-0.5874875471006638
0.3076574782975871
0.10133788594026731
0.10024670375969834
0.7207844478970125
-0.2514504834289713
-0.24953927463673248
-0.9087134238033605
0.46040376815057515
-0.8199975928496293
0.41367277772782307
-0.6006761766054745
-0.082803425223092
-0.43464672249669295
-0.5973126646397477
0.46891830348168656
-0.5511148576884523
-0.31227626695275745
-1.0076502600055919
-0.2898242546283562
-0.9567660666526036
0.7218096028792742
-0.00620462612902715
0.15370819752661735
0.6542417339944315
-0.202307868619207
-0.8103006157930204
-0.39102503760999424
-0.2811479980886157
-0.35473016001822916
0.6737806773287912
-0.9736584431960469
-0.4806275785326471
0.43528416844486834
0.5472056463331535
0.3722260604712328
0.8671350964666377
-0.17474458497815476
-0.8229906296102422
0.12055261118068057
0.8141287599040421
-0.2987937574933443
0.7065034765189258
0.2306100541921161
0.8057335978365218
0.7210041244486783
0.2442804598319534
0.591468736171903
0.7163070576600538
-0.4047509146440733
0.47117776938849054
-0.6166781442039725
-0.9122824053547294
-1.0300963691570206
0.31433958994742817
0.2977309876997385
-0.7188519062723087
0.8933861595373406
0.7072961743126861
0.2369849123890662
0.32955098471607536
0.39782690673687554
-0.19091067262732447
0.6025997994582459
0.12556408759716334
-0.11153275916524856
0.44573695535679275
-0.8842678250577617
0.8741728747590595
-0.627957471683097
0.8288376487285196
0.910671659796731
-0.8846600242892879
0.590475609351871
0.8880220369993496
-0.49691384245311987
0.04978473988852116
0.17652481298602138
-0.6500430588495708
-0.01993638767659084
0.327761023046539
-0.5113839589355551
0.13862117731356458
0.5698665614819474
-0.6151005938669651
-0.7088360759032829
0.6239369013672651
-0.23360666956998963
-0.30934111125364844
0.42257234025363744
0.27910493982891554
0.07901840845353895
0.014757632401312665
0.5843203719929265
0.7988665373583281
0.8383735510187149
-0.6369306899352128
0.7977119612353599
0.4442318466115435
-0.3831724425653257
-0.7782807906811323
-0.8835791394811202
0.48578178345832673
0.8542947960598394
-0.6392820073008684
-0.6415624655025317
-0.8048177523255938
0.9461417007554904
-0.06228504055188336
0.13235530896168252
-0.8905560822676719
-0.3746320796022719
0.7695779792746068
0.38975137367246726
0.08397111817629856
0.7011216823196995
-0.47406723316663474
0.41350921254942935
-0.17792272884514176
-0.5706087559641457
-0.11902816176061365
0.08763138639668033
-0.34246194748633146
-0.08009328829993917
-0.5771393132159529
0.12566872394957962
8.123349291110823E-4
0.31505938213019774
-0.06046990289806453
-0.40329364378336674
0.5541172984698384
0.9070459349125464
0.5077119303711087
0.4300874406750915
0.18906537955389857
0.8822298829222985
0.5499616330702141
-0.001691219804217202
-0.5996043307887419
-0.21083680212125017
0.5655811466839372
0.2916221675724312
0.07422080340623742
0.48397137624048825
0.5783182992741258
0.8555452947158264
0.39837630737372853
0.9410096472951546
-0.8563949408378321
-0.027303494138492024
-0.23584121653083107
-0.8335424407430555
0.03467019215487438
0.8245323391928351
-0.3354655675298426
-0.47764022187460287
0.3408442267871956
-0.627672155556739
0.9616753961226989
-0.1148033249962569
-0.056562990179261606
-0.9410749315696596
0.8874533955685134
0.6980961387563074
0.2559098805370087
-0.9041693998641923
-0.3693155874299823
0.3655281923871859
-0.7295634812263431
-0.6514747966552216
0.8148942281608476
-0.796159138298092
0.7878286810410209
0.7415256035790398
-0.9871061991459227
-0.587082143170398
-0.4868369779049445
-0.9645363762878455
0.3011794092575716
0.8067256430386721
-0.11944438492572163
-0.2575129564610693
0.06011803209311608
0.17903753398503833
0.9114873196677886
0.167710758619533
-0.7591025205292402
-0.7333145205376439
-0.7026066850499723
0.24927776117642136
-0.9435145942392491
0.08499849687447203
0.9357500899259598
-0.07173885493039038
-0.024113174425506815
-0.0182121721352942
0.1398252557955224
-0.512939989521219
0.7037067598546649
0.32070146966636015
0.6872057438530514
-0.6403230440162525
-0.5613255407628982
0.6968021988024086
0.3153771347144106
0.16419588640486682
0.11184345033153766
0.9102821670181279
0.18733623098315202
0.31126507649527363
0.9984070347236416
0.347166174691863
-0.6829470645161482
-0.21597063810777406
-0.9483079329305822
1.0659827635876817
-0.4247287947259039
-0.400403585528234
-0.7799111021273829
-0.4088254479396759
-0.33989830591477604
-0.9179497594278969
-0.5302330893453396
-0.2609951038052897
0.41017083345576427
-0.10007509203991521
0.5610033473999686
0.3766278125191086
0.39453541387348023
-0.4867213497499765
0.23053901694645804
0.5472225173545453
0.5742136259676042
-0.4663562716318535
-0.7320028972327702
0.4989635107741495
0.11139925531956767
1.144241817601927
-0.1782727935570131
0.149857973679291
-0.8837235778417666
0.5668311776484659
-0.3727072676500871
0.7402060812078242
0.5530722534233415
-0.59346096916673
0.06068441555185565
-0.32350465079138924
0.510110637168016
0.7210677264952967
-0.220192643445987
-0.840200784082212
-0.4723029066581207
-0.08764709175212236
0.01595737471507659
0.2814162018059885
-0.6724512244611219
-0.7956653877939063
0.529378500794891
0.04569655055185191
0.05194170500737638
0.701832234642447
0.11654871897327172
0.14171672091890708
0.7170775648094336
0.737372992883105
0.2550699256730821
-0.019392270032414897
0.896807173517871
-0.04309327137608565
-0.8447196611525715
-0.3914274590504588
0.21908803596965676
-0.5863107750069257
-0.4887696889246075
0.4996138038152551
0.7108205039193094
-0.09011964218338409
0.3796844396495144
-0.5482458306237051
0.10879209698494949
-0.8376929648500657
0.19312445558032612
0.4375860826983081
0.2477168283308341
-0.8282856963309088
-0.7696753535225781
0.25939946074757625
0.5120124568137018
0.7703174246500829
0.607773498157212
0.10270073014950767
0.2564548682187815
-0.24984655180006643
-0.43433883470434365
0.8196640460335225
0.8695076950617243
0.28877100380156506
-0.7648457388058845
-0.09341559585556902
0.6146098840531404
-0.6898471654372822
0.5106181333643036
-0.3593242643114137
-0.1374737624687354
-0.514850094726989
-0.4214411513838991
-0.0739869653357649
-0.34317472507684005
0.15226388895796866
-0.2714401890712292
0.905368492017939
-0.09228619420973111
0.5163806039950977
0.8020657365876959
-0.5768064643195077
0.5090919731559845
0.6067327254564596
0.1827849070074095
0.192854279874347
-0.05889869950985178
-0.6314557017240346
-0.58160536777774
0.7022461052570891
-0.9803469744034806
0.1838217807889645
-0.920720319748661
-0.32515488863317915
-0.6429116255157982
-0.7892743580581111
0.9602804602557253
0.3377720790655472
-0.5385236191859818
-1.0232094269978151
-0.39840491477510936
0.8712819997344848
0.9162468300029749
0.010674481983225756
0.6220574043863074
0.005422963372398141
-0.1357109712233048
0.6901597767481111
0.06562312351526647
-0.5412873328621177
0.032439697728042706
0.5865919468840001
0.20047630425876678
0.4062973862971713
0.7650132643091397
-0.14229360708838915
0.5877760404071072
0.8879032589985377
-0.21926551455661122
0.9527295690419951
-0.17325947042332884
0.9473563339420412
-0.7125534372248268
-0.002998902330077861
0.124316611898709
0.19520756149155222
-0.6831558307553739
-0.7104585899096426
-0.47243387513475904
-0.47106844255077807
-0.5493762749722728
0.9124476008260749
0.19290211535793822
0.31358266325518375
-0.835228872986102
0.48086743405856386
-0.9524126324342795
0.907930925271835
0.13558457567185342
-0.3676636783339008
0.649246474305369
-0.13878543161761614
0.9267412741379165
-0.5389465672285054
0.3298463556640388
0.35500227900032066
0.30898370938382164
0.18158472988028082
-0.2911359717164898
-0.44281792633726247
-0.7569732463766021
-0.9069517429185462
-0.4472800027398132
0.9880559744546059
0.2611154712177179
0.24439641153702613
0.012350352349990653
-0.529745443602591
0.41982848328711647
-0.6279123055879142
-0.40012180303410727
-0.6505292864668658
0.6305745213927385
-0.3709093579044535
0.551490605772341
0.6798977420238634
0.40694597180256625
-0.6075036972006412
-0.06560510742161148
0.9544530327192131
-0.7486782014283944
-0.9203798525247714
0.06728670141675368
1.0146012518038698
-0.7968707081746979
-0.04680901325708863
0.8124234455814816
0.10845985181487176
0.6313171226094686
-0.6699802699074157
-0.9385555053028134
-0.5392884401051516
0.47024591998806237
0.06449812414964902
0.16223154035957787
0.6010178466278022
0.28812857406704034
0.7539185628770948
-0.43704145476653794
0.41469000488370333
0.2112497041571104
0.8183030180445123
0.8054526593778666
-0.012356011835699987
-0.11629812933139502
-0.2902528845178524
-0.09968389561129488
0.39162861414381733
-0.04570580323621432
-0.5435233723615267
1.0057926370245696
-0.40868926716430765
-0.21936652786792724
0.6423271800980082
-0.09581275254494097
0.6825012012765784
1.024865252667256
0.407249968094499
-0.348019185773776
0.9506660773298136
-0.7702826353776305
0.14750386839990826
-0.3658149912193652
-0.7489677576808036
0.5661574035493039
0.9536452139248052
0.34132547564569315
-0.668731764878848
0.41138519381616084
-0.10744720841933522
-0.5085709176863161
0.7948290864687019
0.9941218913683008
0.08248353167056335
0.04766595590786871
0.9167846892877158
-0.1397969257913302
0.6819525390182
-0.20135628482860207
-0.008229960026095174
0.1608942486269837
-0.49666834737912224
-0.35089817964987197
-0.7496477070276161
-0.19366614925257541
0.138006134226267
0.8581374846219777
0.999164440811286
-0.8568937382939468
-0.14571803481557427
0.14994651011438592
-0.22082249526881534
-0.31948869679627717
0.8170549737058664
-0.7496428006990143
-0.18077810584314272
-0.8443613901998835
-0.03252200095228109
-0.05485150508289399
-0.3308494331168868
0.32796757744438937
-0.9857149599137771
0.40743647035260533
0.19126652061911464
0.6008563702109853
-0.586341868099172
0.7045765136437742
-0.532634773001103
0.14779773579953626
0.09482139017545001
0.2090585763550072
0.8798299365810396
0.9272463984293818
-0.8738921731757187
0.1936970903095339
-0.0027330721697245933
-0.2398185822930926
-0.579490494839647
-0.9116997050857201
0.7570860785553825
-0.9544727385984092
0.13816214607513738
-0.07272092096015383
-0.13787255838936965
-0.9284694722015866
-0.21962364916053717
0.8189869567761302
0.2979120418260928
-0.46938181982029653
-0.5981847974558796
0.5064387676573258
0.7062255836295842
-0.16465454102156066
0.18130852754584445
0.6294553703426669
-0.9020390932629354
-0.660286301108212
0.46162465274690995
-0.9307674143183768
0.03461895207015263
0.24141061924125368
-0.9714276005986284
-0.17513854140220295
0.7539200566461015
0.9135479863545256
-0.338978926296937
-0.9544726110921589
0.8507781015262744
-0.531027939237891
-0.25504222661778614
0.4526099705853985
0.1058435786061278
-0.13374063402501313
-0.40099986780742525
0.6549275678560069
-0.5795373665243377
0.6354863397682631
-0.2230960974549464
1.087076145473518
0.15586614338850574
-0.21026864374989696
-0.01793297345495652
-0.6619955005494186
0.46972166659126746
0.12266284570719123
0.5612577308503134
0.14008608767962916
0.029446945955104876
0.9760442426027641
-0.76947208845066
-0.17746038402568287
0.41365683557857647
0.7641896292558106
-0.9219519820490927
1.038091030605577
-0.37029201910993303
-0.42165416359492763
0.18264572781813895
-0.20250562256082136
-0.057830726628239494
0.7415738796707237
-0.8330504401445495
0.11624062236702375
-0.4668496301757594
0.15555874067779696
0.5216799441167715
-0.14377358949184343
0.4448782378586568
-0.9224690017062892
-0.8118568524161304
0.9232588083701652
0.665166368432613
-0.7203805392981313
0.7387886410100536
0.13735764396997277
0.803025614427589
-0.5057195747085653
0.603889294178932
0.23940695833616712
-0.889762170214311
-0.0641017389876232
-0.49714136981725393
-0.006207271529762405
-0.27681209705117443
0.7734050928161424
-0.5740144327601824
-0.3430079657953258
0.7674678609445974
-0.3616055947253087
0.4722501975027701
0.5066455310304551
0.8532582561186912
-0.6304484612910966
-0.24382090567834258
0.3285361744904006
0.3196610933022933
0.9576267626843732
0.9032406235136512
0.11227938627262139
-0.7819507864961404
-0.47939603265250696
0.3247043585756118
-0.3849028197421388
0.2918257940325994
-0.5654396654923044
-0.8114853693535508
0.35617887127558734
-0.10910802929607646
-0.12717145753874298
-0.7735315432229891
-0.17908059658813913
0.7949291130781241
0.3714270502813766
0.07096467196022324
-0.46512451338304184
0.5354821031524654
-0.12449525359216317
-0.25405650026512283
-0.34622799875363525
-0.21002773978912354
-0.4222991827211395
-0.3969550409050361
0.3240789171143697
0.5046625917659271
-0.7185157509747139
0.30351533305056316
0.8805977227773698
0.7277514627413153
-0.054894105975851926
0.003909382159631013
0.43979876879674956
0.16558816792263326
0.2793811274659145
0.0039269403774816565
-0.5279930838742563
-0.3390478793298495
0.3696063693323574
-0.3920219989393787
-0.853911075666043
-0.727001495205851
-0.2451665248853411
0.7732042906310905
0.3760047900092767
0.5534169165356757
-0.29483889838771227
0.21946895414703907
0.7886808513591219
0.5157031246641594
0.8794336965023961
-0.8161762941032671
-0.7989220797949979
-0.618222127024498
-0.5570645859894663
0.5959360665480009
0.10413079799746433
-0.15099214076054085
0.6405341952974778
-0.10665000550193145
-0.8684262202911565
-0.9989762595627305
0.9317668499868134
0.33047480044805255
-0.9536695440769175
0.579701956049853
-0.33961748112670237
-0.1958088007993722
0.5707743904147289
-0.5600732911456655
0.6034205603945759
0.18376184261419656
-0.40162582830566945
0.06694783330430953
-0.5012636891763793
0.17456542141507125
-0.07314641104477243
0.8509475939282471
0.28611794939718593
-0.7023459540482105
-0.2323927311595039
-0.022075142981980593
-0.751759905460933
-0.007987017562604688
-0.18819016942233838
0.9744504704051056
-0.491044860583134
-0.3657878932201923
0.25515463613443645
0.4102192355854298
0.8740050700066545
0.4577274634839888
-0.486260699022012
-0.48692006928292025
-0.020062401949487697
-0.4114575169860522
-0.1515811267894338
0.6850903740399545
-0.7222758045904889
0.7596636536716573
0.7147616236806016
-0.8710051306910312
0.865242166484225
0.054621570729884245
-0.5847314884018001
-0.7319721315356859
0.6054799966313926
-0.18288911739019337
-0.3296372449912006
-0.2599434884776412
0.7061187498873589
0.2238873732344113
-0.4146135336181754
0.5068655559682961
0.2752422945110872
-0.43513174314423075
0.9624665705515428
-0.52042659196579
0.21811609886142364
-0.05128145856121205
0.03706076621520618
-0.33166669335665266
-0.9839954904740147
0.013405516392444711
-0.5545982821870016
0.1732712203929948
0.2804754191286373
0.17951086115461026
-0.7490229636237519
0.9472242883343865
0.8215910044388542
0.3225609950880043
-0.5576755500938152
0.8567324911449763
0.4548786073804903
0.8841503779731021
-0.3024138010448236
-0.5837490389249804
-0.8871701841765577
-0.07533016723367587
0.6367311516547114
0.6141833034165473
0.37939077372679425
-0.395706612767555
0.2472485538132654
0.8444731115162317
0.6719792281479097
-0.26220684661521065
-0.7903806914445513
-0.9972091481151301
-0.3909795323345379
-0.9801997808223558
-0.8244990522185967
-0.8745720108952872
-0.4919702717651687
-0.4812441139057907
0.09610140102549557
0.6370696209292124
-0.6251446114688967
0.9964810872246014
0.8981586698444053
-0.3494823825373112
-0.8308589032917649
0.45281352388513096
0.6590845238363114
-0.8365305918131963
0.6659158121288341
0.31818059153235223
0.5532804995865128
-0.6962937106175078
-0.2996594396245201
-0.059324762371072544
0.5697821072786627
-0.5871772292624203
-0.6204377917078869
-0.6986559567203652
-0.15562349482303828
0.9272493411630639
0.03516068400807219
0.44722183172281593
0.3056349574570607
0.8012385155719156
0.029857817886232034
0.10631764481605326
0.9689247281534051
0.27346400819709876
-0.7565702364337211
0.793260233282131
-0.19846848463133832
0.27269759225626383
0.29354054850902783
-0.939842742820883
0.2908594260403974
0.5185085959021581
-0.49730304036377854
0.11887516195401521
-0.5371287378305682
-0.9446244489427542
0.4873035973387479
0.17558559255122067
0.7221136641410927
-0.8232264130527212
0.7777520782823455
0.6054760687776131
0.4906292826231962
0.9004553088631753
0.3267579994587339
-0.46984736542103517
1.0046666642513473
-0.6000762340115207
0.40139675596417923
0.05154925653089909
-0.14515349453336915
-0.9064113512849487
0.2764545813398854
-0.9650825749476941
-0.7083305860571331
0.4008272140135094
-0.21748648924926292
-0.3719352655658163
0.073652665306252
0.2827775737988713
0.4920840152488976
0.5009161601590493
0.3129577516403813
-0.1649731111032859
0.9798623671303518
0.43176372620150205
-0.2703664701540333
-0.4895921943687942
0.6900779346831348
0.6255536295496645
0.6907890522838117
-0.5987483980934165
-0.25111196011412246
1.0907424613474164
0.44572932459154735
0.48252006689766413
-0.08128910168299307
0.3203072543489497
-0.4287108035785578
0.7311003547534511
-0.3867682702869093
0.5504249437050445
0.598992861994441
0.13567895326043358
0.6668156547540096
0.3548583099668396
-0.4125916383637732
-0.8602508647275519
-0.33883360103536586
0.6331796729558514
0.0839343480984812
-0.7228564871156932
0.33256881883944106
0.8969275260822728
0.7617439240657796
-0.8537395253868828
-0.957106164430004
0.676704938202728
0.365566375152418
0.1232783255817212
-0.7136769088395896
0.799159564185427
0.16756195018411268
-0.17364448601100144
-0.5041611636057192
0.5224913443302426
-0.9098043708897018
0.9006879832420587
-0.4122238934745358
-0.8819639640245328
-0.7656401335827954
-0.16182110595120702
-0.8853666753275685
0.8082345813886684
-0.29633389749635747
0.4841898389242703
-0.8725033754497997
-0.8542877828328597
-0.7119664532934065
-0.9809817108888133
-0.36001153456406876
-0.607547915611215
-0.29372882738828726
-0.9580109873556644
0.4326239635866124
-0.40857995999578756
-0.9262233041850656
0.5702094776431363
-0.8822537927431832
0.3920330890200611
0.3338856445568833
-0.8029774268669045
-0.8339513962939079
-0.8101774532025199
0.5813008675629064
0.3382481480928495
0.8807172844246716
-0.8854946831233025
0.9415292508421301
-0.4559076140142224
0.16573374185528925
-0.0827655591497963
-0.7671892594352632
-0.7841831897855244
0.1012260207561179
-0.4138972440519096
0.17127453774592313
-0.5413744967626107
0.46030520144968606
0.1949000967040985
-0.8679797190411372
-0.638627350000585
-0.3220391076192952
0.2952402682633686
-0.8280123651706465
-0.23626542351033306
-0.3201521023541674
-0.0946572357425922
-0.42964694781537754
-0.8478647603005767
0.7398626394010414
0.06501847907319394
-0.6467167328902955
-0.32934303191925746
-0.8449037828046845
0.5778506780240471
-0.4035534613634482
-0.2927253690779371
-0.5547251315040919
-0.7962531239619883
0.42833159786556635
0.05697592696266773
-0.29099209991016556
0.26897442341613187
-0.7874675556324784
0.8048015379237604
0.7402692703285857
-0.11912874877990991
0.8133073995590876
-0.7401982452501141
-0.13846444104599068
0.7484902262931689
0.055785255979612196
0.16070945057460886
0.23784316359781735
-1.0163644779013559
0.008850258902843426
-0.48990951444927267
-0.8863924892760341
0.16079949133536361
0.6655220381180764
0.6850998395566777
0.4357096749609897
-0.2656724629831627
0.5232313385241548
-0.5948614427960479
-0.7586282906849097
-0.966384891354679
0.8469959773231048
-0.5135206674321996
-0.8768393317040608
0.8084039746928877
-0.2776014162816083
0.35402116406040074
0.4608540147403141
-0.4858771641815739
0.7222745540853646
0.7958048013061485
0.6669187090818742
0.11388844002622037
0.21650452282186095
0.6740936707657089
0.7620839930344347
0.06323035781221376
-0.8379625395777885
0.5131459094801724
0.43535946593806535
0.36260261968830704
-0.0999804139883893
0.8875481563736858
-0.07098138729302071
-0.17885465224368896
-0.020568555683024698
0.8137071164348878
0.13149854955761114
0.5970601129007912
0.9606811054409212
-0.17583651514174717
-0.219461130177779
0.887421814869435
-0.4559459499922363
0.21424842395339502
-0.386606988546001
-0.8375977698433864
-0.546391631257641
0.42864172747153745
-0.011731823929693146
0.3197101063095814
0.7199505193371591
0.1917560391580827
-0.8847152738493982
0.7385409176207396
0.198480463130561
0.7466423374391878
-0.8208629715178944
0.38233256263089355
0.7121497776519591
-0.8090738272352432
-0.6443442980936478
-0.2924266556079165
-0.9864012834737349
-0.213243636606898
0.20345991766967575
0.16501424911804263
0.9289290361302251
-0.04682517003424252
-0.261449216500183
-0.23094819256909152
0.45519253156025075
-0.6458562352785832
0.2602910414883582
-0.8110698867468333
-0.02923625453684374
0.9855823365312792
0.38251010093831816
-0.7160945496267125
-0.19748028497226022
0.15605451618353952
-0.7764954002882111
-0.47970806013446193
0.799840055987639
0.7442172797422967
0.8635573536343627
0.5589461302810756
-0.36594594043648176
-0.484365703349349
-0.4064681762575936
-0.46021586379494417
-0.9463360683595512
0.44439343735284526
-0.12171585349390318
-0.9046415509275577
0.4326846307237917
-0.5066170045802136
-0.7128457564223286
0.7459282261007776
-0.5875960724905012
-0.4712877385029784
0.34306700789937083
0.10500074660468074
0.6559855984345828
-0.8972877061897836
-0.6343568543777152
-0.0599126654256022
0.7043212371009173
0.21783610954645888
0.8246922953740482
0.25195203699713764
-0.18323207414840384
-0.6123675502666649
0.794914782110581
0.7450163116955574
-0.3960405431957215
-0.6573995645747003
-0.3674210819730709
0.5021736334732945
-0.08959209274151433
0.6905083277569677
0.5226773349933432
0.19318916254935667
0.7793602758729773
-0.046944094114737496
-0.09530269930804373
0.29423170058776654
-0.7364390130956974
0.42404437221026936
-0.46073121429632014
0.021236818866030283
0.7152293186483644
-0.789420825997971
0.07431204929250586
0.48142468064245864
-0.11559946383300089
-0.4156434329425128
0.6639816493453209
-0.026808271724732383
0.7092257437644678
-0.5217753495764264
0.124894449269927
0.07106139820124295
0.03244442273821022
0.5444570778403302
-0.17946605455528547
-0.5331668669942865
0.6406262451160659
-0.36443878514803263
-0.7964705944540822
-0.5135597679100311
0.4203332053970497
0.6853121480368563
-0.4656005856291196
0.3293046651006129
0.07477658952044067
-0.0025356044351810135
0.15378806062009517
0.5649472140393114
0.03624914846391326
-0.3489295400529687
-0.5395117452153886
0.4159131703071455
0.11504546900605854
-0.756045300336067
-0.24914858250895064
-0.5032449331573415
0.49151885863408534
-1.022768239518821
0.29200992761957717
0.3535699007854739
-0.9872662177624094
-1.2204063558738256
0.5719439241307321
0.5381689766305715
0.7390775596498652
0.3784647013480129
-0.10365890345925208
0.14669163002633337
-0.3325606028842883
0.061399203462735745
0.07413372080029848
0.37169910490027824
0.7573313977560214
-0.3784892415573791
0.04738513169795389
0.5007405527264551
-0.14646001857138802
0.8321970729100486
0.26636454637408885
-0.04692862621593034
0.8197656277856278
-0.32628373738200445
-0.2939596177121846
-0.6868298245408211
0.9325444582741107
1.0791741384997242
-0.6059310656975582
0.5846565896017284
0.8477340390214776
-0.8569450711127055
-0.7113761157547217
-0.3966505722451442
-0.864872943794672
-0.4460139442813052
-0.39877684695796095
-0.2891150610004174
0.7902099734038582
0.8917178936636639
-0.8890366545496509
-0.8301681172223269
0.4303930920177526
0.7368184537135987
-0.1631760833409831
-0.20920520883488825
-0.913738754150922
0.5860148438171934
0.040678888480154426
0.30571962005984776
0.04840127558000283
-0.48284802067500443
0.9183457938555863
0.5332876871538275
-0.24469570109334632
0.3498651379347721
-0.6508909519296672
0.781956374874469
-0.7379205713042714
-0.20605769993574208
0.6495253921043834
-0.285051656362046
0.8747441534235898
0.737196041839369
0.5764835817964803
0.14294508234052983
-0.7846963068869933
0.49766098883417514
-0.5846434741569293
-0.7362169264378204
-0.2351819023562998
-0.22433210281087493
-0.9058088787671414
0.543683398619454
0.12936148398532876
0.841900975321851
-0.6743538426405592
0.7168119296389626
-0.23323063656980067
0.6465413127039662
0.7092084486193437
0.6216087638765395
-0.835166589643564
-0.07925683036130736
-0.03616794926809235
0.5926393657979198
-0.7093724397294199
0.28728606131824647
-0.2712102926710243
0.4362262709517481
0.631027428127046
-0.8561865644853824
-0.002551189634110544
-0.28622013397651536
-0.921961366257394
-0.9497518347277495
-0.14458877316605617
0.5338904368714126
0.6406665373588453
0.9508534437115427
-0.39706598245624036
0.9027894014025614
0.6805314131348916
0.30286747090627814
0.5933288010664883
0.6155614105040751
-0.24748151807713287
-0.9626745386932083
-0.3332106132597513
0.3302039873797682
0.2989295728032599
-0.7343038293956429
-0.7983097159789934
0.07859586593186425
0.07254097714419955
-0.8814970982200635
-0.3605756296304759
0.288035212790836
-0.9188579811212428
-0.9134433628241859
-0.172865620862172
0.46527720096701564
0.120141513686236
-0.21303624863108664
0.6686368336495243
-0.006509253144417926
-0.7245065130718547
0.3545923957456095
-0.6053435361549322
0.5600953125014365
0.7915561555466065
0.6532233154690866
0.5197868280992285
-0.748710620201452
-0.8192197149692603
0.1616698860559843
-0.22694521432989354
0.8559882402501237
-0.9731011748018977
-0.6617661602692527
0.6294558036037672
0.8650005910274017
0.3436356345130324
-0.35636872861004854
-0.26714011678219846
0.7516737691065818
-0.7312712538841591
-0.30855771573900637
-0.25897303067130706
-0.22464654816540178
-0.609732740435718
0.731471362373105
0.6010692017187224
-0.07205486976470635
-0.36397996699244106
-0.5915294265313132
-0.28950092056685167
0.3509506594355605
-0.6122344313175789
0.8338548350355238
0.5029913062562918
-0.5456657504245432
-0.7977224688867561
-0.7633025345045567
-0.9746987933433768
0.18468853977668
-0.8651908975539813
-0.3452014694069541
0.646115381023951
0.6227604888733063
-0.5012269385854861
-0.8637030029063059
0.8010491353109974
-0.951468035553159
-0.10382374914154349
0.3081395048317102
0.914243276144875
-0.9587984340929729
0.5115524488761802
-0.8832488444686619
0.2495041694276865
-0.2081402962972711
-0.37382220701313534
-0.4974887610417226
-0.6134557859035615
0.3528868917963537
0.7866942036592399
-0.5140792187629512
-0.39918804201686947
0.8295749925612477
-0.83230665351089
-0.3476735390468921
-0.48591680629684153
-0.2927657820332434
0.3749103080260521
-0.48413577921936884
-0.4282402495810608
-0.6233246722755342
0.8947724700689845
-0.03654844462279276
0.33271329307171893
0.08843694325632409
0.6531767380195288
0.4960168260429895
-0.9672996650706958
0.6533411836522731
0.9475147275967556
0.12048372033675833
-0.9608269098047344
-0.17459942398642528
0.5053467194588136
-0.4405550883753931
-0.492498168846348
0.7399658867488085
-0.6248656632797541
0.5639507695822824
-0.7395446542928378
-0.9157363193315844
0.36228354985766203
0.8922975011119927
0.0391330042578703
0.7575192193349846
0.9491801288238485
-0.2677144205533055
-0.5774208849305313
0.35385154537546315
0.5841897408250804
0.09810012371092092
0.7445277217674503
0.060083358312245067
0.21393357829514242
0.778959939815359
-0.13243233928564105
0.05855209980404576
0.2732022625826979
0.3014376982656507
0.45353233891449757
-0.9037871335561852
-0.9174053271634839
-0.20864385887560577
-0.05299815588297822
-0.4022243323975309
-0.9287914018209759
-0.2361616106080684
-0.6136879694466413
0.7749745208165936
0.23711014507960326
1.0905707875480333
0.4642361772014604
-0.7673121571706438
0.991079353435904
-0.3815862488763671
-0.3271285735410152
-0.6835651586365765
0.29674789098034837
0.8726957314678425
-0.326772794105495
-0.11978658831611638
0.49241170720129857
-0.7039008776643835
1.0371511377298879
-0.19796544741530817
-0.9809024649667348
0.7920144822137031
0.016216775331707744
-0.4070027879124998
0.266913069150051
-0.6225514186247433
0.7308550863078023
-0.40767169975680945
0.02354881536556269
-0.10243884640484237
-0.1218398749780385
-0.4529196028262525
0.1439966637434449
0.8008636472126844
0.30206743552467735
0.38634782467850265
0.5173536365804583
-0.31310993297235107
0.32584883008158083
0.805508398530244
-0.5089315614865713
-0.7791159974035465
0.4599131522481828
0.07281327053879014
-0.3527842919505334
-0.49561723450313777
-0.4254639275839299
-0.08757034850887947
0.9588754490810624
-0.06665391150512107
0.4126956606129315
-0.10091625652298576
-0.07117581295249148
-0.559306564295202
-0.08027106604509164
0.827687541297363
-0.9771568110395076
-0.70061350304175
-0.04004639234415764
-0.5660289958216236
0.6101249566643591
-0.2368350482200387
0.1214437614001357
0.0780244031017221
0.1367293220678572
-0.147745092228023
-0.33380200900647633
-0.4129060850309387
-0.5993065096153534
-0.5590817029498926
-0.7640645371204161
-0.021296399452665565
0.9527676022003135
-0.26553174722037165
0.011100804640261468
-0.293342660812632
0.20288963899462173
0.9243009371025394
0.7290686227575665
-0.21561351312428212
0.5644190027254943
-0.041769493621736896
0.6428642494525894
0.7351221174979983
-0.10110628389733231
-0.23291346922290834
-0.9795262758554093
0.21619316218709805
0.20233070188919497
0.07204317514714695
0.6420178509911847
0.46173276877061675
-0.5102944758901125
-0.4758673884655045
0.6209721969658367
0.5354965390103886
-0.14609901153039934
-0.008505756379473314
-0.3748095064867092
-0.872480004398963
-0.8642091853413008
0.3391837203023294
0.2965817755816199
-0.7745484695573422
-0.7644875633932271
-0.018706000842239976
-0.13188920158858178
0.5936504691201172
-0.9331735015288859
-0.7561517957254786
-0.492559844363994
-0.5000908278941758
-0.8198972379882903
0.2120505060262257
0.4897238048340744
-0.5660428339546935
-0.3991132297988416
-0.7651747770667437
-0.6542388238606452
-0.252898642389758
-0.606141542413584
0.8961189652002556
0.02540838603265282
-0.8883822604642527
0.2120035225246368
-0.6631881104339363
0.0036422975180854136
0.6943190259764916
0.5192310113877301
-0.7128552393770001
0.9905237027966105
0.01904396265786346
0.8402554665946751
0.03592985518060242
-0.7772032010389857
0.22128431750903413
-0.6593745959386511
-0.7063734548522955
0.2720926045876731
0.5358232147644897
-0.534524662201152
0.9794339030398975
0.9508208096736883
0.10250189984225767
0.4959254532906041
0.3510246336766143
-0.5873881111675306
-0.5059893754156641
-0.07343989490596957
0.7759113654728502
0.4105881477465688
0.8821743903917965
0.04580860735408377
0.5734177926614304
-0.3887844922451617
-0.0010702336021202981
-0.17728598654260483
0.2007849229288414
-0.48658288541285133
-0.3050161865562705
0.3377927273356719
-0.8947694817842604
0.5743198858276033
-0.5972648060434179
0.41506737411469985
-0.9629608909617317
0.9088303140971877
-0.5479546720746892
0.32296969272419357
-0.7751486753055762
-0.038165437595279565
-0.23491071549964898
0.39959679823910427
-0.32014186279844165
0.8019000424124814
-0.6666887268420455
-0.42646669693313555
-0.709668965458767
0.6373777591483093
-0.1701017132980355
0.2408164512772953
-0.3123978590732386
-0.4841682055393794
0.24560491264495674
0.8270395346272885
-0.5232354909377038
0.32343690610655274
-0.28235772058037417
0.06419119018698032
0.1811311857925296
0.8175432132766864
0.5950330812592782
-0.2706000947683478
0.9606911655184007
-1.0144736914196917
0.7883983538727742
-0.37379724187542507
-0.0030857668934867436
-0.008453488634590207
0.13241845638928945
-0.6059439948601892
0.36639577993954425
-0.19691692055542986
-0.2941514487465681
0.2122456424529012
0.025346272253075865
0.5246080822338297
0.8984186951729155
0.5634467964861147
0.9808584710631022
-0.8483766841516308
0.05080706739567558
0.23185056053123002
-0.04310416492527772
0.14077465419705945
0.6641664908236459
-0.4428336473788249
-0.9174469310856498
0.12390465969726341
0.9317394815864791
-0.08157361318588484
-0.3898958432365045
0.7277397940977793
-0.6009819060677122
-0.7653430574512649
-0.12564237411276025
0.5506552684383713
-0.7014261918512211
0.8255574189342919
-0.1439969324151464
-0.1428986461445021
-0.10917908355178305
0.712020245590409
-0.33896401310648644
-0.7415326838885117
-0.5081783789774867
0.6708749912803835
-0.1944308736800699
-0.8265551105178793
-0.5115263424805423
-0.4985717421004923
-0.31131904732089394
0.18637519242829007
0.7910534720673593
-0.041088572783561365
0.7846322427794902
0.8075178022926643
-0.3446001417695388
-0.9835671332711948
0.4189783060230068
0.9653813938882863
-0.6728444218442489
0.5654964937443249
-0.10721331596936158
0.881726396000603
-0.345901586966575
-0.8333029898729571
0.7754915016400504
0.9695926320445915
-0.00734597328656092
-0.7467891703107215
-0.4599600927768694
0.5806129211955171
-1.0325323467279315
0.5901503579203307
0.6888501311795676
0.8591694012343041
-0.6214653221635583
0.21613796767280127
-0.15338059010557942
-0.8807885414154897
-0.4592477325625027
0.6297187395823739
-0.6105236314652548
-0.2863443578768618
-0.18562304727152343
-0.8755260863177184
0.4248916825454193
-0.5378296505924206
0.5329227116688151
0.14568644284488233
0.2519616844395478
-0.43550483701257137
0.7345685395909344
-0.180407037001197
-0.11888296086271476
0.5522934846939884
-0.14723716705363948
-0.3546791795231782
-0.46614983526905257
-0.5798726312532385
-0.7829838711507936
0.7232267545623194
-0.6545416928360306
0.8513742435724108
-0.7322423667813506
0.008665894838179587
0.672217279099197
-0.8683495116426162
0.9690971274890561
0.3685522840741594
-0.3871713309535548
-0.32459902141043406
-0.17498395568804834
0.1916811249079607
0.4784748955216971
0.2569055010249658
-0.9354145736933771
0.8623405053526454
0.8897073044560226
0.9318922660184116
-0.4072401198620947
0.7980981136982332
0.4312243087668431
0.4015497921450102
0.8017443217414164
-0.16956539205036103
0.5915573449749227
-0.15739824753260107
0.8929544899503227
0.0788486487970192
-0.5899153688062374
0.38119378572816814
-0.17749620355521004
-0.2776468174401438
0.28724932324580854
-0.49052234696303054
-0.2548832368619277
-0.6931858084731353
-0.9699843471171025
0.732470937048931
1.001243324872427
0.08403961288737631
-0.014112085767275535
0.459099134740893
0.352369694660827
-0.6214006134188474
-0.5246260610166241
-0.603219167965317
-0.7599357439839395
-0.7233200399444719
-0.8019708681680225
-0.8598408926539665
-0.8789099409839591
-0.4054854267506409
0.5740742155471876
0.5502986798815707
-0.1961744968272201
0.8952844106586126
-0.1173229435876584
0.2710504614855021
0.3054897510240845
-0.896073861303901
-0.9785736337201014
-0.47753699651054665
0.8886145148924828
-0.48931004216425816
0.8184380703965382
-0.45838807581783625
0.29941730114189785
0.3572693427414649
-0.05023577213926962
0.6804458208336707
0.9367196818889788
-0.017260132361296466
-0.3837938563466386
0.9482482003570946
0.9423430659800202
-0.9646701937557335
-0.9150990591717543
-0.9538949555667398
-0.30065112476101424
-0.9782431538854445
0.45605473056217993
-0.4686742536300653
0.04006406095846691
-0.6034220540832814
-0.2105479856010283
-0.15445371123253512
0.7171420627656245
0.7387428833819194
-0.18461620799199344
-0.6630638692533084
-0.26526555534741897
0.03611997566516357
-0.8496167770393915
0.1863244144406202
0.47632198400612996
-0.4618931188600881
-0.2266296587757155
0.5945835727135795
-0.9890514861233571
0.5863369194101088
0.7622734711464518
-0.8276312391956621
-0.15121009202957478
-0.6786483672211138
-0.23488139410922979
0.7764157835558094
0.60775610654442
-0.8314496204852962
-0.46185736326152743
0.5391045377011855
0.7254664053567632
0.03741029977227761
0.7082909917790744
0.4992374498631727
-0.5481742542709834
0.8537426786979261
-1.1198580713389958
0.9578103033962062
0.4196620061293766
0.06939538093329282
-0.10835756054624725
0.12015926169292476
0.8397156097061784
-0.1966281533800862
-0.8577845078350144
-0.20877443457400427
0.544865283391957
-0.7196483896134243
-0.929176954638612
0.6869552728628011
-0.09753111196100282
0.6311393512676701
-0.6930523272466765
-0.35241583667351517
-0.9885980491924977
0.9008535718822697
-0.4483315945828085
-0.5809805796956288
0.6986293289600187
-0.2317569351306915
0.49636404454146943
-0.2760237169702279
0.6970005806853469
0.08134126257484683
0.0335811030327875
0.8584888313671771
0.35233140246444367
-0.9223825575339396
0.5916314929000139
0.05924491435528971
0.8299462111048809
0.6379675615030369
-0.16897718802232034
0.21268934030828401
-0.8165255477141684
0.9573955946919762
0.5612977475588853
-0.38308173774477966
0.09777719385426818
-0.22083106610807451
-0.532185421342959
0.10855141568176445
-0.36698321490297453
-0.1510608755652582
-0.12393619245795846
-1.022500526986583
0.21287361063880902
-0.20417974767734337
-0.17944222943313032
0.2090053952516988
0.46799838769568725
-0.6370053281032192
0.4735155122726752
0.4165598039929573
-0.22669245100088672
-0.18456012207717556
0.3498828901540124
-0.07692614660644219
0.7586979877688846
-0.1691688326221748
0.8113548598015455
-0.4077275626012152
-0.45472137629156756
0.49747053868063407
-0.5572707940848481
0.6132135315950418
-0.16553846934429728
-0.39731868221548056
-0.291032149775768
0.3237233137149793
-0.5009575241817449
-0.30159406872109956
-0.7217992580675433
0.5440789678605124
-0.7882421782434681
0.017080281290594867
-0.6411936634982877
0.7554130796124272
0.33204302943660996
0.33833785135918004
-0.018003522021595133
0.5743050039046649
0.7445006908017575
-0.3822363187089782
-0.9270102574057961
-0.6013532787167565
0.7486057503408386
0.037426883760228735
0.7010677670782766
0.33316625089143953
0.7620384691464291
0.8685084965423421
-0.5313212842655242
-0.9757745341224279
0.147028895491946
0.203531396912708
-0.6278648601649851
0.15821513732391154
0.2673759054682418
-0.8242736667334717
0.43899875587226556
0.05300636359000215
-0.27672871419974787
0.7064823466305618
-0.9993962340136103
-0.8240410538952971
0.15115928254953043
-0.9758034204755729
0.8800951968239235
-0.2624012652670315
0.10266340334782817
-0.7980774029416761
0.8534704913495741
-0.5341368023707267
-0.3632424434481415
0.3704626249804125
0.19035076776751514
-0.5816158877708448
0.23933697119323424
-0.4756415029661669
-0.8990549048040828
-0.5019822489521658
0.8818965038843889
0.8597647079223266
-0.07152158941575393
0.5101741518652518
0.4379473970817806
-0.1626865677021376
0.2969441392437808
-0.10866958877977295
-0.1652675897730473
-0.10663279582897496
-0.40762144124448924
0.3729532077698519
0.2622610999202283
0.7552953622837169
0.4829888282190176
-0.8707154966215072
-0.9573652525829643
-0.35201902931386936
0.03973808919070637
0.5636992977243912
-0.6161528411265248
-0.2503074674437517
0.9816535563068166
-0.5694347170428332
0.4216635604472857
-0.6765018792013208
-0.9485318505603987
0.10542066070880012
0.5313201749155089
-0.5394635118403537
0.1607786786610335
-0.7086138267514529
0.366428249911186
-0.5129426754548478
1.0011691493380275
-0.30852405944584077
0.3081475746202234
0.293322845647363
-0.23018839870173033
-0.5626479980305095
0.5840655752562246
0.9396545486314914
0.1980470748181916
-0.2796028371039384
-0.6778994452371662
0.24611322160323298
1.0064319622005906
-0.7561410368886515
-0.3311900036893082
-0.4807656738608993
0.6058207408292678
-0.010830185229146656
-0.9562875454374774
-0.35013067699719397
-0.1754081019730736
0.01188929018089925
0.6918934986481912
-0.7120926130772519
0.6868264756447546
0.3652153691475733
0.4204048385703354
-0.23522191323059438
0.30470332603371353
0.6763135205353131
0.9276990546545818
0.8340258777811524
-0.23552138069751696
0.3386450926038794
0.8404927745695554
0.5956808122044753
-0.8355445450921324
0.02617559951719195
0.49192785465380007
0.03759707481923614
-0.5231312514393389
0.24707591978449545
-0.1321581213227294
-0.13142396929916017
0.681729743137715
-0.8812000985013454
-0.6968696257726051
-0.7791156222741586
-0.7952844221595284
-0.28558535000336505
0.9916819086012397
0.0449514304765822
0.6109919667567789
-0.8986875736311606
0.694785295653926
0.2617258157812039
0.00635132287996716
-0.27613691420997855
-0.4587854544187636
-0.2098963026314598
0.2608968930949374
-0.3811011872280647
0.09701376988826431
-0.6203886198883697
-0.47328733595416456
-0.3216872954026562
0.9407313624968205
-0.2875917741408943
-0.9462999384400174
-0.7855300026058164
-0.1914817442976267
-0.43653835484351444
0.776591767381949
-0.2135986259332843
0.8600242084353817
-0.5670687488649104
0.38093922033760763
-0.07530834363741386
0.8837232829437631
-0.708158830517292
-0.4202127898919364
0.16006726254580936
0.38421102749872393
-0.4242349951246322
0.07197813533268763
-0.22528545508548156
0.061288519050746615
0.8684183560172329
0.557245602207058
-0.8110635393386235
-0.5801759569424604
-0.9722727149170978
0.4928781914033761
-0.3362897439449
0.04753929592404133
-0.981555859808467
-0.6519284256011184
0.30929153516559327
0.5956074017636768
0.9536345817025279
0.6682083627941551
-0.7147133428767308
0.0628295492689267
0.20738273658247888
0.31435911730701965
-0.4229216398954652
0.2614002696745793
0.16250342249020022
0.5149615173957838
0.7212664521568494
-0.983893121518854
-0.5918228619458481
-0.31558897299771943
0.9565190476640607
-0.5565374772374575
-0.6054751570373027
-0.8365944594303841
-0.15826998204884077
0.6545929648475837
-0.42285515794891415
-0.647848992172593
0.8724832775503976
0.4954113632437141
-0.9068943969691752
-0.24037917207101156
0.8700700680083331
-0.21783042825696902
0.846035632090377
-0.8290288652166836
-0.7377046542252227
0.24350807913707753
0.8502375321236364
-0.7925003739535834
-0.9224331221146883
-0.048011060436070195
-0.23680900903454333
0.21516145392554814
0.46901421369848206
0.3939020706633552
-0.27539427760316115
0.938187455335545
-0.5329491276898393
-0.5562816342655008
-0.17494383272484273
0.9292969970996003
0.7666365317578382
0.4020937712218045
0.5724489020665722
-0.28164509392486325
-0.123195206915189
0.10966448799388001
-0.6063416536828381
0.6662246275393514
-0.3894520763522944
0.6470914578316544
-0.777677678321818
-0.23897697233021578
-0.5317916900340638
0.5159436479375091
-0.2532212882873542
0.8696252353053996
0.4441539563996146
-0.16679245452500566
-0.3240084771532012
0.32198659956295894
-0.4575096470201361
-0.32680667371219846
-0.08707601912697678
0.41488164341324246
-0.5237949525361079
-0.4340520988086296
-0.8148127831308508
0.18880492226934512
-0.8217809558873991
-0.5727214655758749
0.8087464584045387
0.17142335668567907
0.3333896493533769
0.7950327648219319
0.3706466209684571
0.2856029211492006
0.45480573103251254
-0.45802513503338116
0.8297236402612475
-0.3633816776649158
0.1737859851844891
0.07133935761004191
0.13236717581748272
0.523103190129116
0.45132972642768643
-0.04167933868517358
0.23014167117222695
0.42642808521755016
0.7638665725743276
-0.17545258054262092
-0.9177609040673452
0.3461557701641451
0.3189842568040139
0.2190536287402368
0.3734486175213521
0.0059585189627259045
-0.36781610839833123
-0.652003546817549
-0.6563679514127035
0.30044893506145276
0.723404274870941
-0.27874536838679226
0.021492492307238473
-0.6738929719074169
-0.8834792816074953
0.12001022113912747
0.4133107490486986
0.38249939760854074
0.9098502468479902
0.803982945079647
-0.020275342456959687
-0.06540055423190223
-0.09042242467840376
-0.3307086425825256
0.5794577226217716
-0.39418000964676436
0.6267682887662275
0.18464165939046887
0.3199595572431524
-0.6886197644958133
0.42843991899041656
0.13723094029224447
0.0478524615970658
0.39637993990080145
0.22644973310396085
-0.04809489599328529
-0.014301702561106305
-0.24259073913299758
-0.3400788708533088
0.37617812203776824
-0.2099941649983362
0.7534243561886111
0.1539873569935871
-0.35194875627919814
0.04551512106686621
-0.29815114116300834
0.76573987946763
0.34456077002877844
0.1618930406158932
0.16350515905777568
0.7620634671598475
0.3912478156843179
-0.037487960664985144
-0.5659181954191422
0.4178882873231089
-0.47698721636910485
0.9576952276615021
0.8582443873573511
-0.9355870816390129
-0.1755779823443585
0.3277743169388559
0.8677900025845016
-0.48642095229174986
-0.48936297034539344
0.6286191494348321
0.5677592024998616
0.25731854343329924
0.6172767799535461
-0.34771777747903165
0.5698336769036509
0.7946590842548702
-0.76988833391999
0.4115008890554223
-0.7531743435620154
-0.5486526236719016
0.8038814038379503
-0.9609418532707268
0.6030879249369352
0.41411457693948917
-1.060144236293748
-0.44589808261322383
0.27814994326120934
0.19474261134030668
-0.24503914889573225
0.8789827992811197
0.7849620244756073
0.2579007829478999
-0.7820501889676158
0.38106541718730036
-0.8315772251539953
0.9302977592701787
-0.819756489302273
0.30180543588583325
0.14026709963252276
0.346520593469113
0.7798383762027407
0.8065713744628523
0.32320491343561497
0.04280938581596259
-0.5116948153009251
-0.14745399720820235
0.8102404807206675
0.5376042877509594
-0.4482337452022216
-0.5683091531118682
-0.7661659610341877
-0.6101713109016291
-0.47029157249461656
-0.34567186882618106
-0.46036473234476083
0.309651655815104
0.75093673813092
0.7661181642153196
-0.38543074199129096
-0.8435453892956433
0.2548139014416184
-0.6486843601038591
-0.8828034127109787
0.8437181909586899
-0.7073393685500453
-0.8182489376526996
0.3676030340342584
-0.2567951016162734
-0.03398390422111114
0.06815234008555612
0.34751105313581954
0.894558093843284
-0.5334696253451742
-0.1222260897059141
-0.2928237123170334
0.6651077416844833
-0.5516232707852551
-0.5082951797953041
0.3426130258114581
-0.6713649678209006
0.13778390950299296
0.3458434291200527
-0.9296077118566471
0.1667763287078314
0.7003770052243502
0.5070450442869969
0.6926479733436928
0.42702637728911175
-0.9448222648537915
-0.6832301454808654
-0.34835716869207783
-0.6149700371066565
-0.40849241893949545
0.6313003573589673
0.5772689108523861
0.059393255316650254
0.6184593955187392
0.16423223497542666
-0.5721717228502903
-0.8267819563072831
0.6547705969286646
-0.5588252804344865
0.6311380123810548
0.908515361749107
-0.24336181816929878
0.3658182838894288
0.7794321189536617
0.6579008715811028
0.07564178857914762
-0.09076330544915437
0.8344488106762252
0.42308362320379234
-0.17953514344565163
0.18953294395110112
0.24295784772487217
-0.10498900822402782
0.7755173717907972
0.7582328590718981
0.3502377654206715
0.3220507860841068
0.30828992367134694
0.03766767366761564
-0.30447542244432496
0.20835752878997005
-0.09174849854701149
-4.366945647821849E-4
-0.8568698690082548
-0.17391905216250725
-0.1679670304728409
-0.3652570356674747
-0.5633462814831097
0.4411141426434355
-0.7250249232839074
0.1829796649197724
-0.5678846513397693
-0.5539022964464552
-0.6563454514917443
0.26397209389120435
0.7626993933224409
-0.18109047638850853
-0.6560679138519365
-0.3047837274069832
0.7746633347099174
-0.04237969511268069
0.2602165051267719
0.5719230264565724
0.7475553179261354
0.3352942209757021
0.4950713398517603
0.5325286718390838
-0.0055311077133144764
-0.5415253174152368
-0.7393202255765542
-0.8332013794921403
-0.2391083132052552
-0.309589451095159
0.35604287756890096
0.8735512058893717
0.26807547482378985
0.6091253254494063
-0.06378270530094886
-0.6849382622781216
0.19146514601008233
0.38904671537928415
0.4312157048152449
-0.17206272014061155
0.6334842128933728
-0.10880251619225911
0.8460277906373885
-0.6048009018380268
-0.0376930912940104
0.815381636557419
-0.06711490640678108
-0.7231033446663523
-0.8888065909022335
0.43975565541227285
-0.29133226346294244
0.8869327508244905
-0.04673165678550934
0.4133179801768754
0.42884424722891595
0.716233070025768
-0.22854939064065705
0.6260963579649906
0.5054355271918914
-0.5083761975195595
-0.09208281058555122
-0.3324140202626129
-0.8363984985814408
-0.6752966137592633
0.06361974214145168
0.7917688085721296
0.9499497997727285
-0.037669493161579394
0.8653246697321959
1.1751149321327927
-0.7938202560358715
0.7433176443152064
0.47710187791127034
-0.8210439514543626
-0.47745833596088894
0.7202889833737424
-0.5081143715466528
0.21917373218030778
-0.7367109218674497
-0.6752034199681122
-0.18473584664924278
1.138965934660923
0.634452340591186
-0.3640086952589748
0.1793989452650649
-0.18874124884299226
0.05380685149846174
0.1655928283213824
0.49971773269632386
-0.7982691694896008
-0.24264241731091268
0.028284541817561556
-0.10137438141703435
