-1.0513276197782901
0.3706874243631506
0.8844352927103508
-0.37431782679908493
0.3022256196867253
0.7751065876245089
0.8086976319922526
-0.40785343134098084
-0.16558686500461392
0.8644767495736848
-0.741684729587948
-0.13550578913096042
0.45557485504603656
0.8970742846215404
-0.6329016427416351
0.2804186075110299
0.21089368270476153
0.9269311898679585
-0.8337175162794169
-0.20773254378240727
-0.5725765250245283
-0.5725475217673679
-0.12344721170801219
0.6876293679079679
-0.0702340846165849
-0.5269142404357253
-0.31097528201372215
0.46364610232743314
-0.3146314510764265
0.1911659536494469
0.7889875997887981
0.6107500104324088
-0.4042657440814151
-0.5642886903960972
-0.8089758711305726
0.73042353605194
-0.36132894271779914
0.28276437801174215
0.006371969486713856
0.8931907738753162
-0.3942210824615553
0.26757364245366716
0.9569795864898601
-0.4590873060037597
-0.9277913754396672
-0.10977402176260369
0.5348347211238929
0.029885521273362945
-0.6034724976307675
-0.5539615631889385
-0.9297505350227605
-0.7539400545964614
-0.30538721228218035
-0.6774376963700215
0.5056856732792651
0.09757860289725596
-0.5281345778990119
-0.10555448607445415
-0.3044792671014007
0.9395502471669478
-0.7511160285169519
-0.004486887921409219
-0.7618792759237328
0.40747587353941533
-0.31749732472049447
-0.9340933995580225
-0.1003379027478818
0.7076520395889033
-0.7520334781413883
0.6078922205903012
-0.2551623320046512
0.13852885021589473
0.6423243251474242
-0.9755380781473405
0.8803648042080129
-0.937981274643184
0.13946177586346653
0.8743899954208915
-0.9908895197010111
0.4317376351518793
0.5822902806142616
-0.7339926392399392
-0.013742676471682447
0.1812131450944732
0.3993172005160368
0.7335420229114838
0.7206317645512531
-0.13578088875315594
-0.6071462144868996
0.9421504032208666
0.7669916934802358
-0.4205548450813169
-0.2064207704154212
0.49810890577629985
-0.580946251277538
-0.4278073039377776
-0.7153845186106415
-0.49901241977588257
0.36171371945645636
0.8871796760489852
0.24482780122492376
-0.5805049843868361
0.08607109503252452
0.9219925723877599
0.17710488616649173
-0.8441815778222546
0.59454041994534
-0.03164124958635202
-0.5284648014806917
-0.21619491606523372
-0.3564791427351138
0.848222519089109
0.0065557078761872035
0.09915691502249376
0.9895283061115691
-0.6290140260789422
0.7244798195086443
-0.24480864235819721
-0.3664690196194039
-0.368841215518664
-0.5940684454346006
0.712255172523964
-0.5993997005561632
0.5362031430611379
0.9292027986528414
0.351576492243282
-0.4629940883152927
0.18610498128430245
-0.24623263186531535
1.0221476018286235
-0.2000813596214825
-0.45899116212429275
-0.7415901235005089
-0.8709382061340549
-0.3058835000981092
-0.6470060753491393
0.8772353432583025
-0.8017203847549083
-0.3719363625578813
-0.22591047548829857
-0.4470305060787182
-0.9930988988211189
-0.1538405621920242
-0.30052315723486206
0.6204557830067033
-0.6422226993252627
-0.7903693445339313
-0.4227316756251537
-0.9289969284180354
-0.44270206787816885
0.1273031340631551
0.7382964852995204
-0.03762698197675047
-0.9909078978894599
0.18960182087550292
-0.8730565585318816
-0.6518210545046379
1.027104823400342
0.6185967964642114
-0.8919336045549403
0.3959255572296526
0.6891288111658532
0.18354669396838652
0.4248896578862977
-0.18132592512611467
0.5195019358735853
0.5697716532614876
0.4662836214664828
0.5651334116775119
0.5968400521210274
-0.28899012272890684
-0.05840172599039898
0.6029730015592782
0.6822030457025
0.5488913449444544
0.25799200153304724
-0.3762026789057618
-0.9719758972167337
-0.7544540565185616
-0.6857525119183038
0.277570373828857
-0.9923646513233532
0.45571337165101344
-0.5693187963231058
0.35813671305456957
0.23196195540419975
0.5671886631526174
-0.6497365304892123
0.8970893315115931
-0.035167997149191506
0.3592572530908546
0.555560315154353
0.37090915401524094
-0.1544871246237099
-0.23332830404744195
0.9825051401019718
0.18248065558731463
-0.9177406507953403
-0.18319160160997466
0.8947888654631408
0.4446682659636516
-0.3543334129886776
-0.5475133065126969
-0.11010454532330446
0.19126346104248712
-0.7044843761684804
0.9070042300576564
0.8137436564859675
-0.9683429053600189
-0.7858425224353789
-0.33664986314634704
-0.3918539496395361
-0.07858476941456938
-0.14380122249285546
0.20069265266513653
0.7447913455729197
1.0187459653361266
-0.17727074139396465
-0.36597464679189123
0.2455420177501856
0.5031489190388655
-0.5718157078762984
-0.5274895834393729
-0.8414235205668263
0.11566898494625771
-0.21990744415428712
-0.43833728375886777
-0.8219991621249123
-0.9045177381503056
0.16513027518037846
-0.9579270205601144
-0.06267928250454513
0.8706108472065286
0.6677798306616637
-0.4752832986978012
0.9845547663907177
0.3716880000441373
-0.0133631111658217
-0.30681317172348593
0.8956795171976398
0.3073948972915654
0.5770045366118554
0.3083691559304628
-0.2518930889503067
-0.6188858300072336
-0.6571666906161282
0.5580330025642809
-0.4925806590027412
-0.09814990310640734
-0.36951049039789974
-0.31524685288664817
0.8974955304746725
-0.5530981362837618
0.14612923764610916
0.9320378531751129
0.5585256445188311
-0.603346462768138
0.868755325925354
-0.6870102936590705
-0.1682317181341373
-0.35718925334515966
-0.7617850743468549
0.218473300474709
-0.2053878303405671
-0.014641349943469014
-0.23225190222343745
-0.5629777079937262
-0.29450412055775216
0.7250215161876213
0.8352201300574267
0.146069547387028
-0.8384554934584988
-0.25069832632902167
-0.013379656905242121
-0.6595337292527914
0.24553379414787385
0.16385070268051508
-0.21906829618328708
-0.7749921097223702
0.7635010036792877
-0.678766486650225
0.35651054567081186
-0.5520855624577717
0.51935114784649
-0.517474035719694
0.017444570873379493
-0.8010538701190566
0.4827354974282212
0.6233719748920362
-0.14322455879849885
-0.5936674660033285
-0.9449106668714179
0.7509931924979194
0.39989004008898005
-0.1074087950173014
0.560863960076738
-0.44119289006521406
0.5504779988208449
0.40566625696046876
-0.11426443859694961
0.10585999206232585
0.8359668053376663
-0.7842243544993278
0.772520657363694
0.7533024697468247
-0.7819251792912683
0.6685392499595577
0.33787351380280894
-0.7746376497225118
-0.36729944989503055
0.869127445053716
-0.591550260939707
0.5316619038203267
-0.9328303852637319
0.6930584929577429
0.7481932281988805
0.23942885577551334
0.3654526631799002
-0.07403377440302049
0.9735731775916322
0.7964335007193638
-0.7169246273837017
-0.08782428652600083
-0.8581533711198461
0.28371978426585864
0.22642939968241113
-0.9587626123112846
-0.15611217368309796
0.8108673802409282
-0.9438698378686928
0.04240210685341758
0.3167086912781398
0.047586734594830725
-0.7974080637636916
-0.241001264785641
0.5810253959541142
0.003145450533959678
0.5820131200274788
0.7957681267205886
0.05752976324534113
0.32746394118225125
-0.5680445626370885
0.8935963600371487
-0.9832943507031064
0.9798875210327492
0.2230329066654169
0.672245149577921
0.4727639332467154
-0.3004352034616753
-0.07440898260576796
0.28494495001412146
0.42593128100055794
-0.07092845509742815
-0.3843132088686962
0.33729299796149986
-0.26972891526579845
0.2381114425537499
-0.4196160543265062
-0.15111453776499706
0.31418603725974736
0.9271939389415159
0.3848938490168704
0.9610488045558284
-0.761242164566849
0.055090097846241234
0.33306866659272627
0.9303935457656518
-0.4368140657886087
0.7948633245515487
0.7998200460902885
-0.8994831611741358
-0.8064012068719509
-0.8781060144442787
0.7571641401140531
-0.728901916778548
0.3818587504258522
0.09140537632941027
-0.6189309423770943
0.638042587563847
-0.8262712001006784
-0.6873886026814591
0.5635155159969351
-0.3817098580263274
-0.9378269316164799
0.15832881716040811
0.41691303214938175
0.5840838149609904
-0.8351761813420194
-0.47420076397900657
0.48466499457054996
-0.865868327223847
-0.21691326173684713
-0.6501949427803887
0.47430230597325257
0.9443696399659391
0.8027702198580015
0.8413380524483383
0.44814103879125305
-0.8988356370440322
-0.22887313271468404
0.6975111778563075
-0.22228439878701334
0.4174260229577874
-0.65967327086768
-0.31319910627541736
0.8972405968606308
0.438214438490162
0.25795920962123664
0.8027026393564509
-0.13410981958420964
-0.7320905661166257
0.30832068438778587
-0.7357517759443576
0.5235435065839685
-0.9566691113097945
0.22664058453269315
-0.03776560007576639
0.2823789537340805
-0.018283849932396488
-0.4940670146409721
0.8328869151558956
-0.16928191790872907
-0.9891165744091028
0.53462210350282
-0.19350645647227324
0.9269702268763959
0.04021860020805071
-0.07893868046136687
-0.6778246749611023
0.6575679382562435
0.7037370875652488
0.126902456098097
0.11119458058547972
0.8210459673435888
0.23646217237808592
0.650971615922084
-0.20584887966427654
-0.8560927661069029
-0.46506180986887463
0.28071899522032256
-0.40503995502126394
-0.20135613321081255
0.510996456028123
-0.06354840812649208
-0.9673970357313102
-0.16923512440967803
-0.5808176231825232
-0.7960987296731967
0.8429961061310149
0.5642909985914284
-0.24270309049377747
0.04333634550266944
0.5436872876028597
-0.5296595889024361
0.15607511018864959
0.0045251937151700745
-0.4270306310017532
0.5595595432104155
-0.9637509677464493
-0.6651995313561702
0.7074256561256843
-0.7955309041402384
-0.7919188365087306
-0.36045253523809934
0.47915136045257006
0.31199113024195135
0.4520552479475781
0.773287722375368
-0.07756251013837541
-0.372183361933839
0.6889870391039281
0.21763262066495598
0.6666125279269707
0.4369189047401553
-0.0418364807985088
-0.8553626399584171
-0.9822541783284268
-0.4970039361041042
-0.2782124950309935
-0.6353859388466947
-0.1458547632848636
0.8588966197182967
-0.5032929202415419
0.9688713201330996
-0.6269964360406307
0.5354303981780776
0.1155613069250049
-0.5117521145721969
-0.7619015382016903
0.05737345743284077
-0.7213985082970366
-0.8303039630354511
0.06879347380803601
-0.04961190626213631
-0.15439649366748712
0.6995458809215164
0.664293570943424
-0.5609865520251991
-0.8356523441034818
0.17750452151986237
0.4545982662722574
0.697633549728379
-0.14622724746870358
0.23799537518680325
-0.4475940861740973
0.9270523998975743
0.8469838174942997
0.8121703713882491
-0.7627190829469037
-0.42177336740828125
-0.1088114209156351
-0.7434617173187013
0.37790619295023115
0.5027369945826702
-0.2705547295291559
-0.5762586890215481
-0.6257010162544463
0.2960362521573049
-0.634964855627554
0.3337106204969612
-0.6978531668596842
-0.8654459096915516
0.43794910886001504
-0.8592683279958638
0.3523734713939401
0.30177027264606315
0.27523523087503177
0.7813820943256123
0.6071530844001912
-0.6445165696793015
0.1711713120325063
-0.4884811439712943
-0.5344072660252854
-0.3218292155701997
-0.32396532208877044
-0.8017509345481131
0.08439831019207905
0.6981827109381816
-0.8678526080274701
-0.2765253368509572
-0.9316533397993266
-0.8172697983425935
-0.6844096902978455
0.4543089244364786
-0.6936954268412004
-0.4507818189370191
-0.4519683971359528
-0.06566010452369635
0.8012679647118321
0.1600719752094019
-0.15648233424348276
0.8245047512996545
-0.04137413836838689
0.4249922815609492
-0.5725281072037687
-0.4692161384232875
-0.060672216466263675
-0.040641246132722214
-0.8444221135442805
5.87323272934384E-4
-0.9036162669252531
-0.25254076081635163
-0.2982541594230888
0.6873599817211032
0.4177510252410625
0.08595897290068973
0.0938945090958246
-0.12121556612472359
0.8735029171010301
-0.42956016404109026
-0.3231138810660929
0.44024815513286963
0.7986421578629435
-0.11042810848381493
-0.9442687265351983
0.7337616918558887
-0.02980963164018877
-0.08392168250704127
-0.020704517042534443
0.44041268859701105
0.35683090929324734
0.0514352092792818
-0.536305078866892
-0.5024976553668075
-0.3855239224014813
-0.08976920137558386
-0.05522014764911525
-0.6730838920136053
0.697058112702955
-0.40080385846186223
-0.7472229500989417
-0.5833590030215808
-0.807380985965329
0.7644670835042142
0.6584471241570931
0.8297980042519836
-0.8588167492136194
0.8203570786005101
-0.10191642682382877
0.8860450390946643
0.47557710276455756
0.289649516284432
-0.28538717775003564
-0.006423231999393176
-0.7444985176396077
0.8055601497169017
1.0467478023643226
0.13563774731865813
-0.3923882875392944
0.9541651327731844
0.6392065877845459
0.5715410339209058
0.8950650755645263
0.4807029866440552
-0.7430805333450438
0.05433746653077081
0.7848020816365897
-0.1994205353091214
0.45420050898111713
-0.32743727171056786
0.5742027451767154
0.12783787511672096
-0.3545570449016401
-0.7214990767036573
-0.8939193033353652
0.4601901536207029
0.7328471211066284
-0.3296872972048447
0.06506855671238815
0.8951183152464443
-0.3305488563666109
0.9008710647543251
-0.15137771794913235
-0.05925136827629729
-0.6417409104388249
0.5365186313456785
-0.7574795311083174
-0.9537717447087443
0.12190608187339785
0.1414808833052884
-0.7933214279473989
0.8981634672971183
0.5239775361045663
-0.1380844502668886
-0.8945067782151475
0.7364557513053184
-0.4993421097787845
-0.48382869367233866
0.37091116493561954
0.6318634868435878
0.7958503376551572
0.6823128050822749
-0.4623582014140273
-0.9466175055121603
0.7126383583127247
0.8248882012755979
0.048903925866919766
-0.883289052821498
-0.31185207999726633
-0.7563135508442617
0.3734131137280625
0.1899265587386082
-0.7897021286800582
0.7047295167800088
-0.06756614288466166
0.6513197395487902
-0.5464309169778658
0.6996630066815275
0.7187987516718288
-0.5242454596677489
-0.6003005595564498
-0.7438943965665642
-0.580773941758436
0.2319024596090821
0.3899859354165735
-0.3692074909637633
0.773237690869215
0.5022421136024809
-0.7755847850494502
-0.757679800980262
0.34309559910528353
0.9176786580377951
-0.7533991080838053
0.3116668937396654
-0.015611941505883265
0.36946360907331904
-0.5404508863929449
0.9201312570277111
0.22188397605622362
-0.9310732718717017
-0.018721007970153317
-0.6845118165433585
-0.06836283076770756
-0.5747473977809273
-0.6566661680383723
0.6242999321831599
0.5718159652184188
0.06331398192050161
0.8504947771902421
-0.03867842778820592
-0.3038022363044627
0.9304387155120306
0.3860443592347987
0.07230887776657764
0.47100105666999414
0.14238203419096362
0.5857526723044796
-0.5720817707703658
-0.5988354748837701
0.14409446782442334
-0.9635483981659912
-0.7455037516026531
-0.1201242605993695
0.09453039018121456
-0.22949245222754022
-0.32003498156943233
0.43282663100289676
-0.7682200317771078
0.08204742630502598
-0.30759024859993667
-0.5615084626051309
0.4677663670481249
-0.864875082403481
-0.14016640656715054
-0.68507800880455
0.8897749130481958
0.03654979236924788
0.6684250077319333
0.6219234589710136
-0.0602539878301592
-0.7918476589405462
0.08982151918939485
-0.13806415050155643
-0.5869027493842979
0.5953264194641857
0.838259365070976
1.6789667752094617E-4
-0.51064085539646
0.17175189711704078
0.8076315871370979
0.2614256834629738
0.46552079982442857
-0.747648962508776
-0.8536718655980045
-0.583212061450257
-0.1152836367890587
0.5873751639707703
-0.476890431001701
-0.4545945115050729
-0.9795622567257869
-0.5092421792120785
-0.04197342579389016
0.9660680648854704
0.7705889682917024
-0.44942009660768006
-0.8328342320712974
-0.8920064574653555
0.693184425628492
0.5729778641018887
-0.48295017119699213
-0.02828871319272897
0.5658870770561943
-0.4730514031038304
0.9791235428756951
-0.018710027162247296
0.5665779105616368
-0.8094294501543587
0.9738778398159541
0.4851208380619718
-0.18848427816738936
0.8330681862828873
0.6582994472711189
-0.2469157569527918
0.6716962788958084
0.34610718120877376
0.7792366875969379
0.9691804518385974
-0.40240200756122324
0.6492968744984213
0.00804701172992151
0.6183521804773318
-0.2441862837055461
0.33805119551884527
-0.6518661718498967
-0.39778784052645777
0.15600313228641965
0.31606087388097237
-0.48500605605909636
-0.3914023071124549
-0.4885105704886883
-0.7985410806041283
-0.9514623276898929
0.4181077617865133
-0.2703137044234161
0.7861195926000781
0.2884082275217545
-0.20921817270214976
0.43538522365850196
-0.4298899360567939
-0.33691931804562947
0.9383770756558212
0.20254422815948245
0.49171591237797807
-0.04677961756300346
0.6560983889093217
0.08955381515515007
-0.42122745484339924
0.353779659388871
-0.2522663458106306
0.6479975923189983
-0.37672380816208817
-0.8688259291716829
0.2732858297926378
-0.9084399434352254
0.4015488882067127
-0.1309495747161358
-0.4257676453796937
-0.812461870870973
0.8985834182510453
-0.29835563646359364
0.21563229546920756
0.5319317594293075
-0.4801945189017071
0.7329586692052149
0.23363006841134223
0.5128635777600251
-0.6510185306892773
-0.5512723669233022
-0.6551242211951158
0.9540470160603344
-0.4961858747394298
0.8763643504328407
0.4871328470988333
-0.8131590922865672
0.5478096898981762
0.34698018658722274
0.17271555675622613
-0.8380468782098066
-0.2575538043618493
-0.43672616740476333
0.35795183620584636
0.578185378524595
-0.5941367807578709
-0.8571230177041541
-0.811447703022832
0.15000816747335807
-0.024140784773296457
-0.8817725105891733
0.6179382560132777
-0.510450002405044
-0.7466790128002561
-0.5774539800414928
-0.03767681249918987
0.5009518323627836
-0.537177186779514
-0.24516497445884006
0.9302451394845126
-0.5558515009024113
-0.0865138803443881
0.29486470131641906
-0.9854007151173263
-0.1302596488698124
-0.7172863075118623
-0.2869201532352655
-0.6883698123725581
-0.7031168989806932
-0.6314195796754365
-0.9430786182745379
0.5485198596433453
0.08898666749420342
0.10524301153866446
-0.8242204372312655
-0.5875551880739306
0.3134881931808127
-0.27157794202418484
-0.33374860902469927
-0.21097131946277475
0.47677695628537864
-0.10227376535533589
-0.4309008104453013
0.7419736608354209
-0.25759699508640616
-0.00772089889855668
-8.007295403274905E-4
0.70752037519977
-0.017311030560243475
0.26008169696739897
0.19992351748433573
-0.2016220742128683
0.14973858303031748
0.2710261180088516
-0.039579831146132165
-0.21313753996510804
0.3669928143957418
-0.6983243531230412
0.08823319030387783
0.8521583665034671
-0.5363380243472676
-0.07679999558103157
0.8060538987973788
0.047648079197965335
0.3463641975838989
-0.7322107486812915
0.06322169559938821
0.005571730850741909
-0.41996662573283994
-0.1160351575365145
-0.4625306992096757
-0.2447636936171229
-0.5380508826924665
-0.3208996334557452
0.05365090320395796
0.8044300450097855
-0.5715254781973069
-0.3009115908428884
-0.9809888717079673
0.9312545260221066
0.20181491084103834
0.3050328627395543
0.826480139720527
-0.5572035481516247
-0.5956059163914662
-0.5677645206549505
0.19118102634336095
0.7740540197635252
-0.7992221571626923
-0.2205936935197885
0.49228338093190643
0.022279531073344173
-0.13583953856748326
-0.5854895428117565
0.7358375860047239
-0.26583765433155804
-0.027208309986319533
-0.07751003412698922
-0.798919572665733
-0.004873336050615754
-0.19211104413337052
-0.46701556967665786
-0.8805094336892056
0.9623068610336963
-0.6063605678341791
-0.5689110448144765
-0.7980120619800806
0.5144404581356281
0.9430664359794146
0.7787496661637547
0.13663301596236796
-0.9185393483465775
-0.7902673117345922
-0.2383741284214136
-0.37420477006091096
0.44736738868359305
-0.3037524314666435
0.17590197075625166
-0.36209282728798203
0.5582049496407473
-0.5039030117670222
-0.41681058388222464
-0.9564059726917828
0.19494273240470253
-0.9333608243533572
-0.25176843840279606
0.5511784276357872
0.8932602028706569
-0.3856436909072357
-0.4922317148822719
-0.5354179012246099
0.7757205213743068
0.4243976416589594
0.9564753155493814
0.7835717455066192
-0.44238916642775755
5.678890551374738E-4
0.5843157221690929
-0.8803514701765155
0.8865520237246202
0.6631344985057512
-0.7425685576762162
0.03722285531784572
0.38297691962920266
-0.09817153979599855
0.9785931386724167
-0.0012923410315503678
0.6678033131282585
-0.1814657706260477
0.06829259315773016
0.7395717708078295
-0.8013712790184054
0.6560084753425449
0.4937593517468853
-0.6416035952091454
-0.4714897407749677
-0.7722757770223898
-0.41489678544497244
0.954570360141158
-0.7450428390615617
0.2282737777597372
0.8704533306204332
-0.5867435303602472
0.3788644001632097
-0.9883422209413222
0.8205365192222599
0.7038207539357525
-0.0660020761756372
0.6551183174800167
0.16683732955344163
-0.2870937143191257
-0.7896736695400224
-0.04954909202742508
-0.8629744137556364
0.78738616080012
0.4633577262847675
-0.5035407412214175
-0.42378214039304285
-0.9293464012475167
-0.3025644476374907
-0.005850257627949287
-0.8285801737400512
0.10507936958514119
-0.8458506224950086
-0.5362029607869802
-0.37542116058595654
0.8901383630651739
0.8060718988939527
0.6456172513327484
-0.38532650297931104
-0.6168201512173836
0.01730693773833546
-0.204802323625891
-0.5399733018148953
-0.16391889724259587
-0.8223154399821557
-0.3263177872388545
0.16084892899775374
-0.1260400639127295
-0.636025317718907
0.5725577737165475
0.930076079445173
0.8251915339888876
0.2553098797337743
-0.6899975458928356
0.510944528883789
0.9385493990418708
0.05209998290571449
-0.5644387489533839
0.18192909814133035
-0.23085609129768103
0.28853849285640865
0.7731936367867115
0.08902918339009355
0.24216648141153785
-0.1779348294438446
-0.16118350205326856
0.7928875654816426
-0.03224943292350644
-0.04880740233791934
-0.11794463491308563
0.6219996174942213
-0.7487001141701568
-0.02701873941449479
0.2828179046939264
-0.8368405764599172
0.8636715441895867
0.37823451107513234
0.016662577587785037
0.6584513927842772
0.86095250805035
-0.11725235345010031
0.5560523767028023
0.03671372746841272
-0.6042514999937075
-0.4787177086935846
0.18143077242471292
-0.7269101937822714
0.23276968386917854
-0.7656613936027086
-0.4909725261274138
-0.07911911494375479
-0.3573050808174835
0.4224091091622267
0.5905849382489661
-0.8291601522867982
-0.20595413079135028
-0.8586231681310298
-0.47413562001350884
-0.36400685785759496
0.19767726371648
-0.9235356198095258
0.6617697736450964
0.4317770176963575
-0.38821375308868245
0.6573056917656708
-0.671957132003819
0.7525934240746323
0.1756428503931649
-0.02646699073451962
0.53777121601421
-0.7964169174413643
0.5551619653904935
-0.2922989743339971
-0.9275879878010236
0.06500235984389312
0.06433847645313152
-0.03344733756838331
0.4520502687515234
-0.780324206679521
0.030603620202463294
-0.5297401218345481
0.7202552311835541
0.3607562575392056
0.33692539664080906
0.8032468793086371
0.46701231622992584
0.9453897183537399
0.06482475128524881
-0.4970423569956185
0.24168948031648788
0.3273918170177559
0.8795622829342656
0.9157066758344035
-0.47083960553374693
-0.7085033298797815
-0.9173616415810152
-0.8364468197399619
-0.3000559273022619
-0.37362811823658904
0.23285620837817503
-0.24879267174059255
-0.6060052571524882
0.43520460730940114
0.4860012875003589
0.6908497984445535
-0.8389195630811959
-0.9489727097383532
-0.3931277777856223
0.8713684095071375
-0.47516347777768336
0.010020079720356482
-0.4805683926593883
0.5821603963982536
-0.9998434749243489
-0.8581805650482173
-0.7311833827442183
0.16244403667793114
-0.4534212341707836
-0.30629207263222524
0.4901108108987274
-0.3572867837816893
0.765580357814226
-0.3265026668107754
-0.06316148485593526
0.7821679158781345
-0.5874522222029004
-0.4376330524472736
0.9907421010277804
0.7744220285169254
-0.6007983000368214
-0.7140139203139143
0.6101085855424074
-0.7307714677737037
0.8898890061211748
-0.20464951975303272
0.15851908393346592
-0.5897113040744482
-0.39616609747604836
-0.533276191171622
-0.09539115365131828
0.5241675743956603
0.42820644894007326
0.3421494289954562
-0.4038416819509502
-0.8200328231996346
-0.8305674485809963
0.8336067701770399
-0.87284454201006
0.008812852612680043
-0.31117270828081267
-0.5566534479026645
0.8348410825746911
-0.58008108413172
0.5534866694409529
-0.20681047707232877
-0.44459864416900474
-0.007322975425732225
-0.5417704454712446
0.22869935567799132
-0.9306592682969355
0.4315586403086335
0.02131460428707268
0.3857582716983958
-0.6855476207723317
-0.4242565420632809
0.8794787720656069
0.2888202148265354
1.0007037141671096
-0.6029721843951605
0.9005588714762872
0.760120657521094
0.9714662037153455
0.4644788790967606
0.42784053418727847
0.568913893438965
0.5908698851392101
0.06928707364949925
0.12398003244481759
-0.9205289879143025
-0.30431140995050704
0.4387538970445074
-0.913935072657004
0.03218834768803604
0.09045106378571056
-0.33680773869724573
0.5804487505633341
-0.7914047668340336
0.8620133679253322
0.08271459127433145
-0.31773794465068794
-0.6578085104919227
0.4774478509059268
0.43681670365816866
-0.854783237459191
-0.5411183642297652
0.34640193218296805
0.16395805912990338
-0.7131485915020752
-0.28302076156993855
-0.9499068852130951
-0.10042359657220118
-0.4778254322156936
0.5650186852113234
0.5319829907349115
0.36070102768320206
0.9591525907037737
-0.3455756019976262
-0.839493545296281
-0.21605640439630666
0.8290121366455542
0.3847587133382337
1.0300778732577718
-0.1864780178500054
0.15583583422868208
0.8910714599440743
0.07243247846256981
0.7210816605250129
-0.833981976455555
0.9292747385183945
0.4704910480326229
0.34549487125943534
0.47749187861762293
0.602711168145954
0.09198877957128557
-0.8154723295935395
0.1614333803349928
-0.35590964585912277
0.9742798487704877
-0.9790726671263272
-0.009420499320647962
-0.985644162954587
-0.27545256917258076
-0.6759026267182063
0.6772960402462705
0.7559752594873689
-0.9060196760230396
0.5822725537701322
-0.4748948352706466
0.24577588969606393
0.9205685095745544
-0.4424427419979249
-0.9856612326411482
0.4288157598422875
-0.180888050560387
-0.6358212883315526
0.3881422478225033
-0.18327054861261277
0.5929044162140135
-0.8802020063708429
0.8077917516640154
-0.34711096509803857
0.16115030235180988
-0.6977302899398989
0.6809336891354976
-0.1145620487245444
0.5233106482103146
0.1934394884041755
0.900530683997754
-0.8113168637694657
0.6740457242944192
-0.7930439131276552
-0.17808667082235186
-0.577376482867029
0.4102155836424412
0.9057735123249981
-0.8775786650350896
-0.6304917899012799
-0.862072794823696
-0.8948699047542983
-0.3802055060847158
-0.15423141846086674
0.20660781447818855
-0.47783408323975574
-0.6178319952474463
-0.7090624484388115
0.5948636720745971
-0.5424287465391443
-0.29793374516626986
-0.6849551173626885
-0.019677310106221726
0.6300357837154876
0.7134217510895214
0.8044543629953215
0.10261277934021514
-0.07705446285920813
-0.7442079555251994
-0.500735044611721
-0.2975249326878451
-0.24989533137210804
-0.40932558442043715
0.645933248501017
0.681762302988993
-0.17411722625120862
0.0776845244971495
0.8576557874015338
0.6300586303095528
0.6174525940000044
0.05447943842348509
-0.07579695200982925
0.23807099363036552
0.7668652720090224
0.379948546765889
-0.9684643997574708
-0.1636249416642233
-0.8127435787727602
-0.9159313940481258
-0.7579522454985365
0.2963265222211197
-0.34487670443691104
-0.21262424089587842
0.8742882981998352
-0.0511509876441279
-0.36210939198448483
0.25006848717904884
0.07930521159723923
0.09138499795108931
-0.9335918692994515
0.2953387984808131
0.14510181871375724
-0.4799283900747109
0.21068724753418666
-0.5182705172133739
-0.9234821881693324
-0.9740272791982388
0.3835474706177859
-0.6121620861231941
-0.8936487016382291
-0.014085764592375441
0.7238031789659987
-0.7904405817383685
-0.9660769764835105
-0.32703191640547047
-0.820287498844457
-0.04667827853488803
-0.5052048926515681
0.8120755309778935
-0.11885166968951173
-0.3011811467232307
0.16741216144247095
0.1130333512525097
-0.7815711612770354
-0.0944352556399372
-0.5754018557763352
0.15495145789781958
-0.2624897564888126
-0.5604690422815194
0.9012459381812636
-0.7386496968661779
0.9108728239211165
0.8086818201666822
-0.8999909204708602
0.9450426755262674
0.8124726101198393
0.6115869736464411
0.5548168129650645
0.6647421387655014
-0.29089814061113267
-0.8207399454706804
-0.08809593128683171
-0.8225317328962614
0.701241413914853
-0.5288959875719365
0.984968701619952
0.609629970096435
-0.10480155030906256
0.867205453110026
0.373787247094918
0.7270530447345952
-0.07390520100439683
0.6120648152486005
-0.06695509574095895
-0.13506912970479065
0.7909300354718359
0.14273906574273335
0.31587235008006853
0.03308962561878344
0.41899944737941847
-0.6039920474965985
-0.7260342326712441
0.2828582952810212
-0.3820238954722977
-0.6378397225708033
0.7395713683824565
0.8177603094461993
0.31331868180285205
-0.16483472710943772
-0.7940652077296851
-0.49567149655351916
0.20630981732663575
0.5871845295724825
0.7532540427253057
0.7365191790484453
0.9443798717699615
-0.1314621721915999
-0.17556116914351583
0.1373989296235352
-0.4824441780842804
0.8791371497032429
0.7097364925310377
0.5008320398149744
-0.8227929387745229
0.32565063515633
-0.625643147421153
-0.8992937266277664
0.7041512130378478
-0.264781835030807
-0.15723672818625814
-0.03606171426354862
-0.9049416601991187
0.7963636512117804
0.8969225377456204
0.30367545755490555
0.05837472239276399
0.3301207953968695
0.037303018949323856
-0.4665953408637504
0.7734752963457615
-0.7430351559319958
-0.3124264717273306
0.35561638334924095
-0.4102604003463472
0.05536794971182247
0.9251038568688115
0.2444937135579661
0.9241610704377468
0.8301863082759781
-0.41675490921469815
-0.21831195031302184
0.36717481043667244
0.5823801626035259
-0.1519572316833697
-0.9705810620281834
-0.12451405193351334
0.648510035803884
-0.574342247128467
-0.8964265457552504
0.8756969953241562
0.5482248829135091
-0.5772218829465274
-0.30008700805839156
-0.7749635257167287
0.6811796500581955
0.7794713399085428
0.04343850745410267
-0.465686543489263
-0.3836870063211525
-0.3351446880330844
0.9683033490413693
0.9643512709059113
0.9820335384708353
-0.4940414069841311
0.4538712789578832
-0.3019730298909899
-0.841351765756597
-0.4387732228672682
-0.17434296677529657
0.9196967302420451
-0.6989616479059718
-0.05653404569611878
0.06505557022016423
-0.833726410419554
-0.9739548592984194
-0.542695411174122
-0.4868667849490711
0.7054467942751164
-0.36933735925258127
0.19101982400413586
-0.39730112220044994
0.9766512703456522
-0.34673823784072244
0.5905208919061102
-0.7438986226002965
0.8211486058653097
1.002032281656767
-0.02220670164421104
0.5450011057547496
0.0675579993827435
-0.6221482381571606
0.04077044108485529
-0.1413596014706735
0.35775434478367346
0.769409090453982
-0.4074664274249855
-0.5376781436248372
-0.9278446930531191
0.7798806062276206
-0.7477965991630465
0.42579532911449874
-0.3866363427520419
0.6566874758389566
0.2706211542764672
0.642176524189776
-0.8022311397040744
0.24519665065704083
-0.7924901375529144
0.9638723165902612
-0.8689150992756712
0.9567778460090413
-0.6024429379374431
0.23958774053912996
0.23978387797600237
0.23855139532647193
-0.02388892133446458
-0.3735350423434457
0.7186862069339581
-0.15347274955275647
-0.5476493273241573
-0.7336811455492681
-0.5932266399273233
-0.05494321584553372
0.9408707102002811
0.7549443603977664
0.6619412651938229
0.3360162377826094
-0.06030585468021932
-0.33129257301993503
0.19482910234629125
0.38489527378778454
-0.7164276924725417
-0.9050512375697337
0.03919245468322519
0.07171529434621697
-0.7832545685053768
0.5927000722734443
-0.2923741523459953
0.034380854969844755
0.3353303881290493
-0.11302897799964208
0.08594387050386389
-0.595638136148379
-0.1635244234165396
-0.12261388601722296
0.5971399935878611
1.026899103318679
0.34790662951114765
0.5113643752282133
-0.2994947190305827
0.5683839433119205
-0.07843936581306549
-0.3221125841779799
0.7961626358963808
0.9786699367387468
-0.20984890538027395
0.5679264814053059
0.5831104753240414
0.2571048251243589
-0.10328108658474397
0.82129882983699
0.8242088992282167
-0.44839456017716595
0.6377552014516138
0.4618161312763545
-0.24638789107213446
0.1750697377567243
0.47005693786254155
-0.5062339349938116
0.6836614702277944
0.060620642341137114
0.1682619151999429
0.4197030438681429
-0.0869596614944925
0.9824781044524094
0.1263351227927688
-0.031391964361667656
0.3450947711378863
-0.4993269396411493
-0.7797528945707939
-0.8617242520892875
0.6291204858596577
0.47489898411248355
0.5386979814019064
-0.786411201571761
-0.7622274795145132
0.20333741618938353
0.9390721979381219
-0.42817015777498885
-0.044679132889552296
-0.5036128387284958
0.0801783068181696
0.2917360351132596
0.3332376042230848
1.0372256894311955
0.6871847971765518
-0.0994613131830822
0.4686400666965704
-0.8183022858266065
-0.5479026679346816
0.8653439282275383
-0.9233804049904438
-0.8904970818688671
0.538973525553119
-0.2728530773233245
0.4047636687206953
-0.34894074282620735
0.8584472895142202
0.7931905576824354
-0.5979064282602972
-0.9448971133057993
-0.5878699754980429
-0.4271304582246428
0.29690315576195975
0.47322774119453326
0.6258963649282533
0.5212254800441978
-0.4735004996382505
-0.46752332633018406
-0.7370340267331164
-0.26255595088613387
-0.20439088398849567
-0.06004578075430274
-0.7532608435782291
0.6002626468972877
-0.2811698663352702
0.44274627092903873
-0.03381447313337199
0.5241304871105343
0.7161029440949651
0.09958637870985534
-0.5061539532523115
0.2859063932791616
0.6096310030691868
-0.47608248082403104
-0.971668561554533
0.5923700064700721
-0.08301281852816472
0.4669044424691081
-0.5679675477104207
-0.8555777656002185
0.33776349878561845
-0.5625188573626512
-0.2943865847384484
0.8154817107770626
-0.8720737064755061
0.07966612393319543
0.8890794260567544
0.8191059963996323
0.05750711455029371
-0.4504929695457947
0.38459812041707603
-0.47831754919112235
-0.88350558952367
0.9476048236907051
-0.4009620218538234
-0.7812246508573275
0.7152277704617378
-0.39991110059270235
0.5341477999752647
0.07539265761979598
-0.3830680720382607
-0.3049479149282119
-0.9835415480224394
-0.8973084441916764
0.4188345596434979
0.3658372206003599
-0.06479675045802963
0.21909271156796414
-0.03505289556439386
-0.4958372760177759
-0.6235931151584907
0.9788625944594621
-0.8115411135532116
-0.17620031786542933
0.49409489463702594
0.2244003560499107
0.3791232263733416
-0.6762711702591871
-0.11837174933257597
-0.015230376928173148
0.5290118346050461
0.3397137584318352
-0.018762783515831702
0.2692475991249401
0.20333009713424238
-0.04820958823868452
0.6897235177035138
0.8951021210387332
-0.6953330487732341
-0.4625062320027574
-0.5318768622313504
0.4385926118425809
-0.7157895688617173
0.8367045178412564
-0.8301458616704747
-0.15384785949285662
-0.7424427032176812
-0.3518017422537978
0.0941815193409545
-0.8156237126777974
-0.42146355933562507
-0.19997981260084943
-0.6384277337302192
0.8461302502160963
0.8450363634067253
-0.6415711663739754
0.40362656492774823
0.082745272947357
-0.9672726148105119
0.8022474240109191
0.6527151929418168
0.9813999355095698
0.6390932726378677
-0.9557561362213102
0.6527022992105754
-0.16300982961186108
-0.8420257219660829
-0.854387650266009
0.44481861630808944
0.21918813010476748
-0.3243202371864484
0.8023072197448023
0.04313736483630182
0.9863262140401006
-0.8817400129604825
0.7332452865781063
0.285484171477565
-0.6604536308488702
-0.0954464139600004
-0.19101604229723215
0.9641676642380179
-0.8260975393232294
-0.8760720124459366
0.8100747830756483
0.343494747416125
-2.820655246955515E-4
0.4385926242422989
-0.7918841788427936
-0.2634919164162124
-0.7891799761554512
-0.5322159215586312
-0.033125701824224876
-0.27394502964703243
0.7983733141226439
0.17123906928430868
-0.4090455589522213
0.03791619070656949
0.2783050232069303
0.5584587912842081
-0.12661813664113308
0.8760612278866792
-0.5409262194612899
0.6629220305964869
0.24065824294888863
0.8333661410331095
-0.6509758105296202
-0.21611809639340926
-0.6203666496660358
-0.3559182598540572
-0.4053646617517968
-0.934600343643386
0.15757932040348463
-0.5602041424330725
-0.19725976249041977
-0.4560054051744502
0.056417492745380736
0.5291289966186494
-0.6575275598530602
0.23040344621159584
-0.12669896473954242
-0.1371842717193549
0.8937305894688654
-0.44752366241384506
0.9203129918514055
0.35808712618040905
-0.6434843130153298
0.6331053754316086
-0.6404805485141306
0.834195727929595
0.07051535665620572
0.9577168978007172
0.7877596171158558
-0.25899222521062026
0.028291756076061877
-0.19886642160771897
0.011714717701768011
0.9122950607968612
0.3920948742324091
0.5643108553082941
0.9226408121332357
0.7725209800251507
-0.37572575713804746
-0.9266936679622422
-0.5984157414476179
0.44260008478050117
-0.39495239563252454
0.1310381169689415
0.4104072660321601
-0.4814610183533789
-0.8871718429662433
-0.8086477949753282
0.7087455387985029
-0.46200034088782077
-0.10467849575105814
0.4450531241529659
-0.6542786388165346
0.5337507228692323
-0.7315587698843016
-0.5909764319838359
-0.29694043074360166
-0.13758048204340112
0.4807274933525141
0.09972279783356316
-0.8016471370453401
0.7933784821708336
-0.09281535065228534
0.5770238246171833
-0.7917422006410252
0.3417690679670866
-0.82590007630935
0.20365813454040527
0.9036168313139897
0.46548562687543704
-0.7117915893145651
0.6732754507194796
-0.35434374933337226
-0.8556200764752546
0.0067153151913566245
-0.03431386900840238
0.3708005450888003
-0.1813471623485916
-0.725709252240987
0.02598292449732959
0.9518750745924187
-0.3723537471620711
-0.8026913801269128
-0.12285454701998667
0.5716384465435844
-0.5734384265853322
0.07043102831263863
-0.24868017711900578
0.7572614263298306
-0.4485319699987222
0.5598801217586453
0.822828389479081
-0.5591422428041207
-0.9256525891871674
0.9735178629361598
-0.056946691650551155
-0.7438136933673987
0.5848632178511416
0.007809176144870253
0.720724069509363
-0.9794570913670351
-0.7486672451086692
0.472014375035204
0.010665668116586978
-0.8287836818061223
-0.7571736242799247
-0.17628120852303528
0.3443877685136733
-0.5980526786497825
-0.25812564307316066
-0.48476558993043856
0.3884479867866029
0.0601728147107401
-0.781200505130502
0.538114074762371
0.4346712325897524
-0.06870031837744542
-0.3485949047765086
-0.2843641939701853
0.033262941219523695
0.7533116126527633
0.5384125187339996
0.4027454046743048
-0.0773115680624638
-0.6268995656517242
0.6148418085432901
0.4071444871008076
-0.48712087507578833
0.928711077977314
0.22053397911106742
-0.24243702400248449
-0.43668593127177197
0.5310043553800716
0.15772424305943394
0.5171326407291921
-0.15077707535863394
-0.9053174439205537
0.07682599839519179
0.40743594106080877
-0.7416840983026437
0.9312738529349482
-0.9543229135977878
-0.4712920044469188
0.2181484962350396
-0.9313079761902661
-0.9675464007593578
-0.602858204582735
0.22701791189299922
0.9137067945559889
0.38221173124899577
-0.11954363606999648
0.4218822570302225
0.15173505655060207
-0.5786686604036969
0.9990431062496035
-0.795344545099679
0.10027250905728453
0.5238357165192383
0.1222126849642681
0.6309366281444676
-0.8457366902877563
-0.6376204705885713
-0.7866612024595737
-0.38450593147526524
-0.7846665945155076
-0.02515110477621915
-0.6753376486778454
-0.7402161327633544
-0.49761454650653536
0.30648608370038705
0.5897436128192735
-0.03219853992234295
0.9021166368049657
-0.42946500145432764
-0.28535466119171804
0.059011927870340444
0.8676695466498332
0.2188861976089613
0.46731971220046886
-0.6953739681211568
-0.5171438643541273
0.4435015460109258
-0.22928115104205152
-0.33353186166207405
-0.005312797089149894
-0.9669912600042858
-0.13171316770012134
-0.6090846411064277
-0.4601129307964178
0.7071661237853674
-0.49022175741306817
-0.9465392164431721
-0.09718829515308791
0.8561720593024755
-0.3525312678434033
0.8386626387821319
0.5999113838894969
-0.20238716573981771
0.9075160326647166
-0.5829175977357415
0.7429812646456856
0.3044757296708722
-0.6134296978268577
0.2120557671878337
0.19613573134624282
0.823458538445183
-0.8867045684094211
0.29138155075614663
-0.7310066870411683
0.09700240485311933
-0.676998872409856
0.9387895308308263
0.11541458913683875
-0.40687269177523183
-0.9324682674480748
0.09637763387588615
-0.8696098315209905
0.4241860498235291
-0.20313873306577773
-0.8188017013010149
0.8530275091640281
0.7337016289320647
-0.05290974727685873
0.8321906817208657
-0.35710163018237717
0.5412453445853093
0.739047102765192
-0.8727033980242879
-0.06152019788743189
0.7691027027652586
0.42489363573974204
-0.6384502209197008
-0.049563717145345645
-0.07813622505265519
0.892218016885403
-0.9767839369177906
-0.31688993223862655
0.08978197005320866
-0.5877338479555518
-0.7058715128466769
-0.7630737333457009
0.6970324807592294
0.5431683540882734
0.5232953990792467
-0.1577117938663111
0.671705727543279
-0.15528418881239048
-0.8062619913346694
0.009826395115460589
-0.22618051250286283
0.9529535774470311
-0.585699622276101
-0.7291226450308479
0.8985181734096676
0.8851245097138649
-0.420062725488378
-0.5947018594958463
-0.8227849064925596
0.1641939066068974
0.43454069965999503
-0.4437896648330883
-0.08977202237867904
0.5667802401933874
0.015586552691090928
-0.8149853033658767
0.5917177294640489
-0.4914736895568847
-0.24565467303773272
-0.6583047232967134
-0.7703245372927998
0.35267762176488815
0.100413821079912
-0.7348935647799139
-0.8864183214512907
0.3679026167460753
0.255935134606417
-0.6278065142473331
-0.6407513938069496
-0.8240742295843473
-0.7564684704063188
-0.08197397098303771
-0.33997350758929945
0.41310465644234
-0.8840635122634709
-0.3616497885978295
0.2886884566335689
-0.8981102178268785
0.23665391951381523
-0.5546563898028477
0.7607007111140548
-0.22528294346680794
-0.48457679536651327
-0.470643260840822
0.7144661317538136
-0.6206818381042273
-0.7773696422331883
-0.2516805375888635
-0.6452062639926331
0.787745836372363
-0.4696412064328825
-0.5295597648120942
-0.8494007407622081
0.053361694990086105
0.6005868813399798
-0.6873933737014539
-0.3385938474351716
-0.35943046167076914
0.44694820805111274
-0.19338280419902326
-0.34069413322142006
-0.03944764849016492
-0.2523741275884181
-0.6488355066403075
0.33121704542472924
-0.530702727335456
-0.6632895128889781
-0.5801755422608735
0.08407737012578703
0.6925855385696269
-0.06004187139741413
-0.27483957130944436
-0.6977052975568179
-0.5350786650905729
0.2577042788224527
0.13986287228664812
-1.000889426134646
-0.35919244085123214
-0.6007416946714069
0.6345044913449475
-0.4094716625717997
0.27895415698815246
-0.9887749061885355
-0.8561882695480924
-0.48453245102242926
0.6785888056827063
0.0864722159429198
0.6398811768029347
0.5785583971508285
-0.8692903022444515
-0.8672624329732976
-0.08136876604570709
-0.36002302388731916
0.0058381583910809024
-0.4916191958969728
-0.07401164350658594
0.3967892485470477
-0.31322874206649676
-0.6643576791242783
-0.6335414668960093
-0.5552298262045234
-0.7039997572849434
-0.5404842576418383
-0.6664966182178452
0.5033846249098942
-0.8078670167185901
0.10641157089768867
-0.7354661850884602
-0.789796996449756
0.13962046872073244
0.7171670839462627
-0.7692638193182858
0.028122710908749432
0.8866772453784381
-0.9971785365301822
-0.12350926916952794
0.767969972305718
-0.26763271344484735
-0.6274604680754288
-0.48608714092833605
-0.07766397756858502
0.5344803181181477
-0.903472398466304
0.15770729722505553
-0.5681427375289826
-0.41204629735359594
0.5465763213783948
-0.9252783727711394
0.10021537823010569
-0.3098755319019104
-0.31822763970744083
-0.823163919716437
0.9691047859597175
-0.25003608280047124
-0.9004173046115727
0.6666673161972501
-0.5269983446670939
-0.803512207692925
-0.21744353498813332
0.26141025322912165
-0.4322715497284125
0.7224611404152086
0.26752594546762754
0.558314282732588
0.4697809241430729
-0.5210455546788164
-0.7844780430488647
0.00882504169841051
-0.9351418621947668
-0.816137052906902
-8.77244916548544E-4
-0.09224707750465656
0.03247153198933568
0.33826127906138764
-0.2864104136128019
-0.908399471528509
0.04176062048665018
0.1208561462877139
-0.8832793042383528
-0.5061100758501998
-0.6603537381402776
-0.45149520705460194
-0.20312762419064492
-0.11045132203315626
0.42258137694677184
0.8536719585320853
0.13801513625339137
0.0842633498051155
0.09453617363695378
0.6350784363443147
0.3173432225035235
0.03869878889137982
0.5156832307425593
0.8998064647903504
0.4092587767967902
-0.553534960071248
0.9906567988605828
-0.04388325550925265
0.5592911875997097
-0.8111901936639114
-0.7843916251584938
-0.5994080019547338
0.612307245953518
0.8512099297001785
0.09502830223937532
0.4322729128849832
0.3372632212559424
-0.3252491231651066
0.1430260435015597
-0.7778412197992719
0.8727741010931873
0.6025931558767414
-0.6610275664511733
-0.9240313525997765
-0.2510990225350661
-0.7499152113266878
0.15829379174316083
-0.28250732003188234
0.26683765356295625
0.626101051655269
0.8378271313606782
0.5617952563229213
0.3957100938034019
-0.20592442680764705
0.3985567814936439
0.11870503236132318
-0.036136238048085266
0.4847744349725302
-0.47142263932440126
-0.5282688435172717
-0.31300476643115743
-0.362103543616257
-0.24355958983259673
0.02902390162819375
-0.12061774959880318
0.19471832668326
-0.9522650201315103
-0.9240270358044349
-0.6676946056985188
0.6274146345224391
0.28945605902619137
-0.9907040567777285
-0.9481054334180207
-0.37772956422149107
0.6421883927244881
0.5879121808634972
-0.8547054199860437
0.8775071216829549
-0.1795476191220473
-0.9245580807802968
-0.6838378401392557
-0.8604899164491518
-0.3917059764801054
0.7454253294059522
-0.3908776077794378
-0.8756577811003231
0.3575455221753675
-0.23538897557095123
0.30662888062682225
1.027899530934506
0.17157596234332012
0.4947748168144325
0.20655166789390514
0.3306483207695354
-0.7358334976523191
-0.07755420279586168
0.9917837348971423
0.02331604557510576
0.9542014905538028
-0.11048273051063462
0.394106755658839
0.0966969366690717
-0.47538319452623146
0.6648214868079736
0.1009591567011489
-0.30755196906044807
0.05316030675723233
0.7136344856523394
0.9351525539171656
0.24607243913575158
0.239677421165479
0.4189434485587321
-0.1347855162090625
0.8034696928807817
-0.49007888558670687
0.5698445645784886
-0.42100254404266657
-0.327456206591422
0.841290741620201
-0.8606746472652168
-0.9448269615780301
0.3122817461802826
-0.651546963959574
-0.1712780924053452
0.08957792474910771
0.8881355949215879
-0.8064577124766046
-0.7221263586795031
0.4727689575851753
-0.8031341564381799
0.8378585659930984
0.14737523830340366
-0.3208627371302186
0.9595757368742679
-0.7342537413022977
-0.0857632925694747
0.4578406555611746
-0.9474064265176
0.9754086549165786
0.08139248733978276
0.9804412436322182
-0.2436399841385492
-0.1198170437340323
-0.3336486394873785
-0.545455822257048
-0.1275565330476225
0.418851018503829
0.16496325919364196
-0.399945460307613
1.0061477951667992
0.24744192211794677
0.33196369549989435
0.6555444466711009
0.4285444976770519
-0.7895323741243157
0.15056280700781577
-0.8501728604001483
-0.03156713562072429
0.10867337315774452
0.5282261350172145
0.5927897019991264
-0.9360678378344482
0.07136664897143061
-0.6538346136759925
0.5136266025989805
0.6798543552410564
-0.5997594235612957
0.10792679544221889
0.2745743267975384
-0.20382620739227028
0.19572318366622352
0.7993718855777336
-0.9642254519993215
0.6458103233807344
0.21910929253487074
0.08875376940342476
-0.9308735612655226
0.23670313489102188
-0.43891120026079533
-0.2323589239765276
0.28414064552170487
-0.9339755855670079
0.6653953309363998
-0.3306631518791751
-0.29058235520333164
-0.6622332881686801
0.3192393248995348
0.03470343151142239
-0.33546289017593056
-0.04329166709058562
0.8615018540024517
0.4694117201918192
-0.5845103262135547
0.2805697276399043
0.15199203667830954
0.7873671116071126
-0.16031109885286446
0.4993983973308655
-0.32373414284279345
0.09503741527463273
0.08571617780086703
0.06238144487879894
0.4661990246651756
0.6724379297053223
-0.43959488082687526
-0.6695725056147616
0.1631051005537932
-0.7246877998798583
-0.8991071206708399
0.49566019214148593
0.23973332448172305
-0.6731984163537998
-0.3754868970942518
0.4455819951499114
0.5902840863319354
-0.8438743173407254
0.6696557559198532
-0.9758549065277085
0.6943967216625728
-0.7737314701268495
-0.09772362607132315
-0.9868718149194526
-0.14080429229448133
0.7446255615611157
-0.10055536549646879
0.27603101675405545
0.2820427374730953
-0.9400861331192444
0.13986427292172388
0.0768145878780245
0.08947965781433893
-0.7234785087959833
0.8133082084326654
0.7753882990846929
-0.965962871925841
0.8117250840727428
0.5353372715242659
-0.83160188889501
-0.9749312016919411
0.05005429591885
0.20524079075705096
-0.05386990096789791
0.3108373901390075
-0.23348790424412275
0.03379998168208353
-0.9701749210785507
0.4735354087062052
-0.7863045049684655
0.3150414879370528
0.1471797557372799
-0.2601591601706649
0.541522149958821
0.466775103313482
0.3756811277776692
-0.16298449968684922
-0.9653100014012922
-0.5089139575020739
-0.6931269765070135
-0.3053087634583498
0.5653630165031214
0.9223653699916977
-0.013043132410242827
0.3095442079039663
-0.27056890464307515
0.08047155426188515
0.3502894870910516
-0.8395172487836201
0.6245114195422129
-0.1476536843617477
0.9450173297189114
-0.9064900069014462
0.523285199492791
0.6298006670663406
-0.3987845359919958
-0.15624599261942848
0.8477310157723488
-0.0942230514505901
-0.14125709905406308
0.10941335137102993
0.08748402374007315
0.4292047275154105
0.03900692483462353
-0.46283819159977774
-0.16207646633243508
-0.2047199126689676
0.30776860704162917
-0.757758936405571
-0.4011289155356179
0.4155949139171421
0.8263521880225622
-0.8168202823722358
-0.8913876103127942
-0.1938638467007673
0.929517364293504
-0.12526493643067377
-0.7421490504981275
-0.10533454961136954
0.26654482159181286
-0.7396518471795406
-0.3678195236427533
-0.10654593249407761
-0.2531328121186455
-0.016924876083166476
-0.5063122634272743
-0.7617348142905939
-0.1081822375134394
-0.8905681211964619
0.6358597639690701
-0.6040886110051721
0.22344442280442017
0.6572140614254675
0.4834264506427288
0.48928834605162547
-0.1811550264853966
-0.5090177054991243
-0.5542999156252286
0.6768521667188259
0.8679106801648122
-0.3136274653021481
-0.4714321483747704
-0.8489372887710679
-0.9125853176338382
0.8437418182622525
-0.9445145610512736
-1.055261921896017
-0.872445855139706
0.9098657182302394
-0.28358541088315603
0.23317628457513542
-0.19952694129112877
0.3816500764138522
0.22875683505895195
0.5515708986160212
-0.6481715825178298
-0.6693807726397581
0.16248259321611816
0.9688282875439093
0.008525485509161317
-0.6662416576828686
0.6899767734868895
-0.16626273243301526
-0.426412375313061
0.5928612226035382
0.8815769510103431
0.45309101461989215
0.4793883545998619
-0.461185569813063
-0.9383384764308685
0.8227210929587367
-0.7051544881511275
-0.5997136996482069
0.5358887820083122
-0.894715242744313
-0.41509600443074335
-0.6096525001888261
-0.5901420386737752
0.799091539340033
-0.14743405963970715
0.9412810586806446
0.3155412703626701
0.6818385585804021
0.6714893125584459
-0.09448489568739936
-0.48263229446448774
0.7171057979146793
0.4602695483192696
0.8157214505273731
-0.5079339444816187
-0.7485119184345587
0.7963079367935222
-0.8532956324520731
0.8679039401621121
0.014428358882556135
-0.44513546448367025
0.7370904708567002
-0.21712379173381707
0.3374345920349168
-0.45617403054057265
0.8401396981239716
-0.1927381192348513
0.6417543156680781
-0.10393041071210331
0.8315647287380353
-0.8644282807637469
-0.6305739607081631
-0.7463466127655989
0.2244805969024646
0.19606872161588154
0.4435130329458166
-0.31911061302979754
0.3137369835181754
0.5922261375909278
0.14773438118810053
0.2817325198978346
0.27334303023231543
-0.029556448384634962
-0.016005367974825442
-0.7060707533963066
-0.30881157298427253
-0.2946390782809129
0.8679824894239238
0.671575620852201
0.656167502075154
-0.4172492187083134
0.8223984019483787
-0.3966870274154385
0.44390552892009133
0.2194054488746831
-0.775746784140708
0.023880766145717765
0.4761995586857902
0.8271009891697365
-0.591047596033388
0.9069148075116197
-0.31993045723995567
0.6788035672395407
-0.4530205745416227
-0.31953274352045796
0.247614040984444
0.45105172944323113
-0.02438962475627293
-0.32670746924096394
-0.7870871927824409
0.5915591707340808
0.9422002903409998
-0.09964784804765266
-0.1358701756253716
0.7057042401387008
0.3548099130211545
-0.986738754799354
0.5747259581156482
-0.6846927647116761
0.9113370461808549
0.5218273293804314
0.0842579651090808
0.819978030095658
-0.45110284791675015
-0.38477390273599377
0.0273707205419478
0.3249754232130348
0.008182268751810612
-0.7579568533908007
0.1473886427419648
-0.6284223479383307
-0.6867258403571393
0.6142270427125351
-0.33741714766049546
0.9156765300153418
0.36028900956319104
-0.048572545229205503
-0.11310160674616002
0.6990693622257215
0.9839825475888375
0.9278364125990557
-0.21174172933046484
-0.6955002578242592
0.9714592499196111
-0.5077943434969395
0.8490581996747465
-0.38821894921456085
0.26669517950516053
0.2566477054591564
0.6967391709726031
-0.6510205411227298
-0.616981619479642
0.018647500755483014
-0.7162442172982619
0.6276112817656698
0.7681837026602597
-0.7705125802721817
0.24583213315731717
0.427661783237721
0.46165932983915403
0.6833803025662836
-0.0887288919805291
-0.49066651431294
0.9699425441576617
-0.08700261106461345
0.12147124274210665
0.22634075155719394
0.7755232971107038
0.7936529122402731
0.5377483018693577
0.156692937539611
-0.21707750053333263
-0.06095895216675543
-0.32481383026065225
-0.82016783928733
0.38150971388285265
0.294222297104134
-0.6125013010049751
-0.7538957492667142
0.37022419621954833
0.43700702601679225
-0.8595693382924424
-0.8561834641888988
-0.7519666087081335
0.283179987833065
-0.670024932971405
-0.6474554208260939
0.9122970926511449
0.4237949869285166
-0.7481041149753447
0.7125238856204248
-0.07711633655244797
0.15354089474072835
-0.7534567902795526
-0.7864742656551421
-0.6776289033301816
0.3194897262875988
0.824675888769093
-0.31671419355890135
0.3360879604632635
0.522877337510465
0.32835626760859904
-0.4530577457226141
-0.06680843347697961
-0.4863505595849335
-0.3697241794027451
0.7798715365230182
0.875139530077661
0.08420863688363456
1.0136267508885441
0.22670937791618503
0.6303341019468058
0.36551037907038125
0.28879626323660246
-0.8637216571867731
-0.47223417635000325
-0.1841414266640789
-0.10989007073704242
-0.8206749413777276
0.4618001877895095
-0.5224086695380726
-0.2270990763083649
0.7211792922231521
0.3163740676864199
0.17351474501305295
0.8899459646236677
0.2545799904547298
0.6467204668572657
0.4483705755085178
-0.7176618651673479
0.6690517070299088
0.3521773406046875
0.7382657424847955
0.41476514352504235
0.4874920698131968
-0.163158104640215
-0.1871603229694026
0.6553775531370905
-0.4125818739714194
-0.7784895934914472
0.0038602345843459143
-0.07243589088199313
-0.8642839968280094
-0.09926213206777333
-0.9400056855631361
-0.0034942752100644717
0.8655624688894261
-0.7113893700751537
-0.5925983472053843
0.8120494675556639
-0.7901133901701622
-0.10984498371522634
-0.6062243357536876
0.30751216325730935
-0.3738646826819056
0.8054226926642835
0.8418529776875447
0.10053990460761784
-0.9629585429329555
0.7531514608764674
0.12560033210016894
0.42223871743866964
-0.26144257231956
0.7893861767009382
-0.789444473519771
-0.347129084307298
-0.7934039859664079
0.563134464432209
-0.29246496172171826
0.5999318622153358
-0.38455544204235415
0.5910320671272995
0.08916354135365834
-0.9634038402767943
0.8535866548170796
0.10934815486649781
0.6572489770418384
-0.6451041966884705
-0.6431676497225576
0.6213848762690564
-0.9711719654200347
-0.04076237712705894
-0.728440576946786
-0.06080468723381571
0.9174447390818239
0.16303196590672564
-0.7920164863214421
0.4924762640199593
0.5265104594484196
0.008355756116616547
0.5830957462815755
0.17516785066984913
-0.8177988580529919
-0.3266174281756477
0.04743586395547736
-0.7781011019398717
0.6165693957007345
-0.4302117015512591
-0.17458571357235825
0.6344126971766734
-0.5648723060141346
-0.8024993500804602
-0.4927150129769793
0.3878502942904469
0.27333235974711134
-0.35822600579929353
0.695032963858133
0.07238997831091035
-0.024204498656481027
0.045971480645169774
-0.5267351915077987
-0.7391770120181199
-0.13748495691062101
0.31997965156301805
-0.574127815177779
0.718277997272439
-0.8077565057569933
0.8407437183453286
0.8681317836889173
0.4000651693884465
0.7532002639478828
-1.0054200039864423
0.5094651081557282
0.7459291341580969
-0.5955773383199234
0.25528638561516465
-0.6329722282198705
-0.5194707419564145
0.9485274432508436
-0.6437327448330434
0.060366871826381216
-0.5610775653164156
0.8282664552389218
0.7995466116533592
-0.7550374344630969
-0.6278003845819063
0.9851355798774539
-0.03273203468165002
-0.7225937598479922
-0.6289163344505434
-0.8538285756408096
0.5820218999891048
-0.20511628358240153
-0.38446834847220673
-0.9377641822200068
0.42855897884330435
-0.21882481451715968
0.932344835993204
-0.7869285122512741
-0.09313198755503596
0.29749024283759723
-0.5540473427198652
-0.6058399823999534
-0.21851175054983613
-0.636747181796182
0.09354853549971524
-0.04793477626191561
0.8164715720829455
-0.07505516821753942
-0.8377866727380019
-0.357558400677127
0.4843920733616389
0.6795255261284531
-0.28916865394242314
-0.5340971688094526
-0.6144396395523736
-0.6026057874600016
-0.8681979988402942
0.6862820733793729
-0.7713571141568242
-0.39599024384650106
-0.19413648525299199
0.32014645735265995
0.6541256055344902
-0.9942790472736005
0.24524097895185046
0.7880327005063308
-0.23847097638749304
-0.11764194034873467
-0.5093302767568828
0.15417828129345398
-0.17840441572771784
0.05488257619061548
0.15931814415715476
-0.9501942052118642
0.5567485496608232
0.13801343417611886
-0.27588238898687784
-0.2684512552789315
0.5675003971104033
-0.39887846343257843
0.11389009022544687
0.563662534887236
-0.138430636182816
0.5451514771651544
-0.6686132899001038
0.7178763126046447
-0.8170918985083866
-0.10769264947059642
0.7793051747993063
-0.6097437786041704
-0.8903678607695833
0.1803941424434255
-0.6684200660073486
-0.20725150241648863
-0.15938991380455586
0.8566039293218539
-0.46560195286085737
-0.2801831573067768
0.003929448867955283
-0.6879077977457648
0.7204848019119553
0.19450892416533203
-0.7357421074044681
-0.17321267583638972
-0.3358603411191385
-0.08702709017038604
-0.7244600968277105
0.7509787881528106
0.7732075618721561
-0.41235997972602334
0.008161016439606393
-0.6655808462169993
-0.1547036493393573
-0.17251376493113238
0.566983482745271
0.5241419515218173
0.14839633475922165
-0.6924699644850771
-0.9141488329448387
0.8410295247596297
0.3622260621196097
-0.7599706061838458
-0.7709316627818423
-0.30280993019209607
-0.3382413654765878
-0.952256433040925
0.7063367320620257
-0.885047271960661
0.3093890522544939
-0.900618769761574
-0.0182764356658469
-0.1309640810587758
-0.27060375668051423
-0.6488994995336325
-0.9271331758735638
0.9488443122124487
-0.01756532189967253
0.8850618944090904
-0.5365429479700956
0.08704077270866811
0.69023324527013
0.9546908309616211
-0.31993189671320943
-0.21078433738200553
-0.48155560690317734
-0.5918086664915012
-0.1400758044809771
-0.8873828789354045
-0.040763013409714915
-0.6991993804130316
-0.7616328064763231
0.9199794198300166
0.4521048630959178
-0.9260007221060903
-0.006689009036556369
-0.23808732252608342
-0.8172207832606907
0.8827231084951753
0.4651246460610466
0.9139600114023649
0.4408054000240861
-0.25859328720240393
-0.4878786771432246
-0.8762606664230647
-0.7827667856553157
-0.39150112460145425
-0.5130973015987114
0.6319712628566015
-0.6345096283680548
0.6979401046926149
0.4138432851128742
0.1336237951169236
0.9372128507743486
0.5694103685271631
0.8301846121145072
-0.6972532349823962
0.414842431236219
0.6175125141088725
-0.720879607184788
-0.21833527047065643
0.8600842457867638
-0.5297726307153835
0.20241972069888306
-0.7247276347154816
0.397646151055531
-0.3211363939148197
-0.7784983836330742
0.9179439165279819
-0.6232256606543161
0.04219755796088278
-0.8081788748845015
-0.12820118898835783
0.11312002615904918
-0.630180237513494
0.9785328032987347
-0.3012845714211522
-0.668742158548096
0.7411515746397025
0.16696704401153534
-0.03481801246046609
0.010690096072189445
0.4326135025825235
-0.1756496205725975
0.5519317163727337
-0.5159305554889214
0.6885252477109549
0.1251531519632431
-0.6981613320778416
0.08603818450451305
0.5183625377345354
-0.586428565313478
-0.30453639780133257
-0.8190604303026525
0.4593666530884872
0.6865431621481336
0.19636236981819458
0.473091801826045
0.8860825193841597
0.6103121341537718
0.7077567163348064
-0.21591670544110697
-0.2194856924553741
-0.3091230744323384
0.17750687956695543
-0.13102479362997121
-1.0039647797438151
-0.6961847028340235
-0.454671206074591
-0.13474927023409483
-0.7067498663405305
-0.8877309249152375
0.7333163621880489
-0.04421292472915365
-0.929295021174502
-0.7370942350931834
-0.6127057975235651
0.13147832613385707
0.6187515069869508
0.693643003131398
-0.44745505115289463
0.3328210400589698
-0.03618484549177323
-0.5591380465674467
0.1995569096012857
0.8651468899128643
0.4847080898218176
-0.5534579464481361
-0.25371198100230935
0.7489685930591838
-0.6430582745544995
0.458751081551025
-0.018125220159541752
0.12595489799201373
-0.017312867488319783
0.40084903667515787
0.10121248053229434
0.39004079626815
0.8456602817885756
-0.2423437367381567
0.6692747660842165
-0.08420706374630375
0.49307813440594683
0.3301940852821649
0.5008615426405282
0.491264719739298
0.922113305515374
-0.7410935376459739
-0.8847041804651343
-0.3848641968887805
-0.7026549001121349
0.1329316435292572
-0.7023489609418969
-0.4157777712961575
-0.6715656058685623
-0.8796498678731977
-0.2052333680230804
0.27996951638968903
-0.39813531771904664
-0.5349844735296683
-0.8974702398162482
-0.4945254639446503
0.22324050701094694
1.0073919381011451
-0.42888459532856066
-0.42817504143521545
-0.6245265161396721
-0.9196083356463437
-0.10865390300416553
0.8085764250033615
0.4073362119257662
0.8683950800188377
-0.7294522205466755
0.46903204566511925
-0.48797491544067784
-0.192160579987964
-0.9304155346292501
0.6229808618312759
0.7936577927603422
0.30260852567917035
0.7650220493639933
0.6354109297634143
-0.4444495310526458
0.2550260879161153
-0.45082189960336466
-0.4178902173906731
-0.11689327900693107
-0.7608677927537751
-0.026718931688817473
-0.9526849231643306
-0.7207559188507404
0.6231193306656196
0.2039467294368548
0.10243936288781263
-0.9019619385418439
-0.8301477952834848
0.5877418359926722
0.2513425659431119
0.21130757323616728
-0.5639409794585438
0.5670611244820055
-0.5326267821608373
0.19526455345111698
0.4522476166809802
-0.7045743240880681
0.615711067387986
-0.9046151065615347
-0.429651909750494
0.7221708154808377
-0.34311523639825336
-0.42656191925603665
-0.4625429903174209
-0.7766411391835436
0.6131047682994338
0.1661811553177038
0.225687763850317
0.5867484939882038
0.1458067989753678
-0.26916032687303415
1.0125502494405152
-0.8992184802415563
-0.2118512469879745
-0.36907792262479167
0.1672365415788715
-0.31672227665786684
-0.7817308215171795
0.1869044195470138
0.23188899278144381
0.21260997646197932
-0.34393897266004353
0.11000166847500775
0.3555695363089759
-0.681768970679975
0.14776926404828178
-0.021203834596950282
-0.05162173791082239
-0.03887963186878659
-0.650565515551481
0.4435761766625839
-0.5784081490266979
0.25563535948979554
0.38436460920811283
-0.5033477303375455
0.6657858638845715
-0.004483438583330172
1.0530149619475562
0.9453631903133706
0.6248259316212947
-0.10212083534740966
-0.31001631862813667
-0.1745340834802431
0.3359491916911136
-0.19101795028519372
0.44545653790211653
0.6544852047420538
0.09419763513028538
0.219360126749433
-0.8104465526629381
0.05302557685410686
0.2405717215645538
-0.08521662365256447
-0.9200273427172183
-0.8226248917255277
0.23533283917373743
-0.25149559911002656
0.9436998815768812
-0.8544723775651993
0.3880631674671237
-0.2713467742294279
0.47626196636724755
0.6339958911042087
0.8413791787038982
-0.172682904326718
0.6971616654683018
0.05370800062248651
-0.056585811672844245
-0.45509843316568216
-0.5235801646655547
-0.6259721102468708
0.07929637917550297
0.9783870572406616
0.30937636216520964
0.3092729739076316
0.6607350703655517
0.5357874539325794
-0.8164854003234091
0.633416184093202
0.7595747226376335
-0.882894113905396
0.21328869333340264
0.17055368402715151
-0.6443045353081658
0.7649188376427871
0.6764112400771118
-0.8233425288770536
0.19465602703469606
-0.5148746643274635
-0.9430884374642298
-0.6789859374907299
-0.5505159093665855
0.3499829735168429
-0.5764649805395302
-0.39468812105196827
-0.8335869169753138
0.24305934436717588
0.605817936224457
-0.9198257788929748
0.3610900961739895
0.7399088674880351
0.9596883545511904
0.49438208882434687
-0.11427216107883859
-0.24689227467827723
-0.5303746952581977
-0.5973505277339842
-0.09238583867207902
-0.3252165829354572
0.9460983951038484
0.24618766296134226
-0.8151945138347182
-0.11391746192629806
-0.9701568754923524
0.41075622618183744
-0.863091635718474
0.7256787969455248
0.927859623473137
-0.6672117412655543
-0.5440493680287957
-0.175881419127299
-0.326360547933277
0.9298561823881135
-0.541369494574212
-0.4158094790812495
-0.6532086961747995
0.521958411256267
-0.4272876789442432
0.01647373296704005
-0.21563781463375636
-0.2926083234214641
-0.5553615254873617
-0.4587688480378263
-0.41279854874813937
0.11928901466086769
-0.6035181038281876
-0.8335048112989035
-0.5700653608281047
0.725725144455812
-0.9142905439420665
-0.968621779210546
0.18255228459021156
-0.31061675817920514
-0.2485837829109467
0.592360041601675
0.2657862400873392
0.198898481931428
0.04132866949005106
-0.4630836220829629
-0.17219033701292408
0.17871919905986605
-0.22251876193452794
-0.8726193888024378
-0.673030645992529
0.02390331973030786
-0.13269228189185098
0.2476229961333897
-0.38942536549410567
0.7196390730963552
-0.8820951052277731
0.30360130120313245
-0.03372609351847182
-0.05858491528657218
0.506966290444481
-0.9262338374803704
-0.30410237826545156
0.716745314336414
-0.19540941507599666
-0.09720380616256064
-0.022699535165804238
-0.7954251678992662
0.6198431139881051
0.6015528731959968
0.4278303817423454
0.9509603526989712
-0.6224553612684991
0.705808546816404
-0.12714191684386839
-0.847749569385655
0.6485218415061174
0.653166812562514
0.8724617924131871
0.5368011672114565
-0.622525105119461
-0.46347644124569626
0.17965677387161752
-0.401922950751743
-0.3294271984403764
-0.561669436581716
0.5783681062454771
-0.6450378115841859
0.4953658141378635
-0.018555693087149213
0.6879743111094133
-0.19342551925659965
-0.34875777684408765
0.645876959063383
0.49239753309609574
-0.8741061206921574
0.4982091416756104
0.503298902437701
-0.10966466704979719
-0.08599575662805947
-0.4458897450047643
-0.5705207665235631
0.8318547650534875
0.029889783389562472
-0.587060714223375
0.7472220363825974
0.9018305183000808
-0.5687562862246828
0.46244497785487476
-0.5787703954909295
-0.9395257363357511
0.9115790157154103
-0.79231828779994
0.612938895220869
0.3218262522353552
-0.8690800507509021
0.8669131833795573
0.18576671145025198
0.6895284355477912
0.851073934986186
0.8781799043989215
0.882655567368752
0.8218811966614331
-0.013344429433316386
-0.9930532655945907
0.7874728560809812
0.9858022406368961
0.9766043739474544
0.41336168734526946
-0.007425403955516728
-0.8998781435363031
0.21636119414940194
0.23621918944397424
0.14187002961601136
-0.40773957211417894
0.3327255809585471
0.5341274726493663
-0.5450665619479215
-0.8320927681120865
0.8579014118324213
-0.9060544111105548
-0.15094939488533143
-0.5748420355274684
-0.07389233356527442
-0.4643656403741275
0.16703961223202596
0.22016447091107677
-0.10056148364170822
-0.9764952246444514
0.49757297981584525
0.4762131725073104
0.3627527623117216
0.36134850482509007
-0.5543012246993111
0.1525515401787101
0.809460774491027
-0.5439548150081043
0.7499642943281615
-0.9274411105863036
0.25243505370655617
0.9639152244578991
-0.4337258127279175
-0.531777233134745
0.6653719010913799
-0.4370425512277351
0.2923470104780247
0.18626493783451492
0.32417928303153554
0.41554524126279824
0.4116493416137984
-0.27946512527266176
0.07117701251007255
0.10610946220479582
0.31652803158354004
-0.17279773782341257
-0.3394050704685521
-0.5766676519651338
0.3174478596045437
0.9398313449340276
-0.692933830197345
0.8518236797629422
0.5320611203010759
0.2570393945443101
-0.3869573078236344
-0.4914526952309748
-0.3951385845626876
0.2280067432440801
-0.6117860136912916
-0.4748960437455382
0.9225350507144672
0.12253973460202494
0.05641949750463039
-0.44193800024476143
0.32256741004004247
0.9587891917007334
0.7017052771213594
-0.5296787293949409
-0.19548827961180618
0.09945319066312978
0.515627485575508
0.9895524548455038
-0.4877076214083883
-0.31859919219905286
-0.376721561630622
0.7938963178949626
0.3811678983998749
0.4910711087017284
0.7110919403604467
-0.39950181022987885
-0.9939226027358405
0.004207982311328456
-0.028012447005326756
0.8690325952966743
0.09808967153141962
0.2546669019638211
-0.05841637423840052
0.9412476907205299
0.6271391165704987
-0.6037339944750623
0.5165744136283014
0.6956097458255108
-0.01236549860961168
0.3190388565829041
0.909468760660296
0.19110325867022704
0.4402714161665097
0.11496818596355964
-0.9654560909678319
-0.4584307790895888
-0.9025680286659364
0.8029904938441894
0.36443519195738705
0.6686934885304152
-0.11678094853378305
-0.7034631421890812
-0.20103036568211197
0.13360627726173377
-0.0827057040386586
-0.04429462641460102
-0.4770311900504674
0.84081469656027
-0.23497937477447303
0.8245254481007744
0.895414205248488
0.4797339419206585
0.25120894282390993
0.1529291762617444
0.6903767706579494
0.5925723171521396
-0.21588903687052582
0.939108350864875
0.620009796155022
-0.4625077039357814
0.12470474578103134
-0.3464808193169591
0.20320169969553656
0.8289703166245389
-0.3218301749869234
0.4184841688184492
-0.7086548617460157
-0.5375414754353873
-0.6147190183665836
-0.2776895074096913
0.5588451044620748
0.08993846440806624
0.3536321407966153
-0.3175498483479881
0.5719737956552736
-0.1602808279863368
-0.3882265311162989
-0.4787192578851941
0.23752970922037964
0.020764060301531558
0.5605076493168939
0.7365468317299225
-0.7489787625124611
0.9671108995450399
-0.9482575287115427
0.6905527174880459
0.28595333061595984
0.7290056017203683
-0.0683624962715341
-0.4435380206592898
-0.8794422404114856
-0.20870406382531212
0.4714770718414945
-0.7617178163317614
0.8215965280131551
0.027036209741895294
0.278671413547878
0.8603058686012689
-0.4345577941780719
-0.38238606992141894
-0.6438317448003541
-0.42320690783459713
-0.6169481493768872
-0.9673728054978898
-0.6837416632359482
0.8855657151389099
0.6725692103551267
0.2873001696078714
-0.7362957798131837
0.8711420191821877
-0.49334543456050883
-0.00664900362443392
0.946014470107298
0.7752724248108153
-0.4449916003093652
-0.11644624294208764
0.2565933481942409
-0.8558085355143653
-0.6014984926337253
0.19182491936461216
0.33464494907388936
0.8953196568526339
0.6013556668904125
0.21347175582757744
0.09872138517473306
0.5355847363395443
0.3127256521418087
-0.6955706137840506
0.28301619652745597
0.29855631140517264
0.722326575762587
0.45089894967501704
0.9422492096162796
-0.0028451730031240586
-0.041138548687484976
-0.007636687462890406
-0.16779182281684055
0.6084248520297421
0.9914365685224672
0.7697944086010026
-0.7272250428114198
-0.09298066105377584
-0.8328243433443117
-0.42308688851002874
-0.701109848731349
-0.10787056625915702
-0.4375188549973143
-0.2715115629245813
0.6486042541279549
-0.08197486677359223
0.6580381268616186
-0.48290639612533803
-0.007262821508460134
-0.7258985918911509
0.6871352642653645
-0.19744888862685023
-0.625496180601765
0.33011635705036585
0.31746280511533564
0.15360518825776587
0.7201263236947704
0.9058041437238803
0.22990027263060087
-0.5051469831253379
0.3957026736058912
0.5475542677532932
-0.5208311571813562
0.17026997977528835
0.6435480711892835
-0.1692202745791657
-0.3816071535066111
0.19991611500834136
-0.5173035504274172
0.5667846004338307
0.17739797954244352
-0.12669230041768142
-0.4704737813147733
0.5999489236516896
0.4541307343819097
-0.02210368200266419
0.6188932154135153
0.28148015345396665
-0.5037549678393102
0.05799095446992987
-0.32913726857756265
0.5250813977923281
0.6899123773662836
-0.3255257053467721
0.9476140714440024
0.7490857930007776
-0.0464435065129038
-0.2451907795632166
-0.27088683960034043
0.10727299507308433
-0.5272879399466507
-0.9254828960047274
-0.6861023571872039
-0.9499994013753152
0.5375969519908802
-0.3062957675479686
-0.6805677141838661
0.032143404512450825
0.4862611208546921
0.6073521328815424
0.6310251547205601
-0.40379857282125076
0.5480550808692514
0.9415048139221797
0.3728950592975842
-0.24047205383177891
-0.7902883308995221
0.5883538042067707
0.6615901835843402
0.6631293121534154
0.12403356403982484
1.0068510597498352
0.5132209355280664
0.2544221728847429
-0.7176426363218543
0.48379089664955366
0.2748348260185241
0.044233000092575116
-0.034954609011611765
0.460904760545594
-0.3107920249337867
-0.8848827104772166
-0.9442442691673344
0.5833810402984936
0.7142698092453668
0.8756308351502192
0.48325551481537204
-0.7043425329621688
0.7325145764549669
0.8472794464227766
0.5152661000838115
-0.5450060513925539
0.914949558178406
-0.28066040180423607
0.6910170807185911
0.6500813470187741
0.4747331801178543
-0.6268744585080461
-0.2570951032224262
0.6231966308916056
0.43515519678496967
-0.7048520628523797
-0.6587264911830784
-0.45217370325565637
-0.038005902476286074
-0.1996917606466212
0.10796681893602803
-0.3802685625126062
-0.827098285215785
-0.8203741262126966
0.5796480053339707
0.5012626542152688
-0.21379416422194578
0.06544323433133802
-0.4232363102791615
0.30023737602937445
0.8857732579991526
-0.08976563713353447
0.32479457819834556
0.7132674779514202
0.05370578808484666
-0.8635307179410528
0.7686060946864182
-0.6347630402924713
0.6506164070397097
-0.387503847407976
0.34710621081759707
-0.7458983464441766
0.9007769040241194
-0.46889386829157115
-0.020759239447227063
-0.07127101752632099
0.41485208930164946
-0.7294549707385459
0.26361844035175797
0.4825883193945062
-0.5880443864926148
-0.9264553095890681
0.29798355767248036
-0.5780615099913983
0.5693113591533989
0.9486046702294337
0.6157746191470042
0.8569251245532715
0.7786822011043323
-0.07805096037519774
0.327312042636954
-0.1699797319669223
0.8029868752121063
0.9910105605557966
-0.9703664804843851
-0.1540460066143602
0.2500422033178941
-0.8445415658690495
-0.9050174086824654
-0.8359634629317434
0.7019233689474023
0.09688824875910869
-0.4998071879190376
-0.5609704518495365
0.34208081231683424
0.4463251766785288
0.8080004461574812
-0.8754650782571706
-0.8672894602748753
-0.5833740432826122
0.20390505455344787
-0.6489549599880069
-1.0455925521960536
0.11573783004805065
-0.7720724931930267
0.021381111965797308
0.7403175713573491
-0.4837926389396847
0.7189143763525806
0.006715604094728595
-0.17056233862288306
-0.419169139454697
0.07119481509643782
-0.09957790549922223
-0.2924734659685911
-0.3855767238129091
-0.6474066722216243
0.5880440483529645
0.39994362933202793
-0.198144460817137
0.7740237947558116
-0.6391795408373422
-0.4684606707265569
-0.7339109882611345
-0.09543050636161188
0.07085423896975131
-0.6869026313025576
0.7863155114420992
0.8825441148357872
0.6988711786977166
0.3025273909267396
-0.5989352583949579
-0.23185858024766673
-0.46753089135492865
0.8432679148585419
-0.8947154811001207
-0.06503243725327691
0.7517044960322994
0.08189522552415544
0.6575996653438758
0.8994308913740892
0.7017695073884869
0.5838389072914555
0.1687311546350779
-0.8774872115076597
0.2633129142969037
0.820008585404371
-0.5385315655316497
-0.8712443402307559
-0.7522154751839444
0.40723647486195447
0.6769668051366521
-0.4928477159857789
0.3611551746917358
0.7949359195293075
0.09909279709771263
-0.4119991709605752
0.058682471376632225
-0.49203081698054485
-0.39110903142622994
-0.790542509014624
0.19970062081596998
-0.4322913375719121
-0.0050501072912680686
-0.034880578363145134
0.6315834642501974
0.6296791475103185
0.1421762795448542
-0.31138803270713666
0.5673980552708147
0.25704313346502666
-0.5192705955435575
0.5642428958479695
0.01652344658683342
0.38182361162255646
0.6706029160473191
0.7794264145424127
0.2960252977109051
0.13987554765452806
-0.9433538399477408
-0.7412609839714879
0.5019881544921372
0.9916303473922005
-0.3556352163711175
-0.20501788849480126
-0.21252183719921475
-0.6864250217936031
0.21672142656221638
0.13053138065289785
-0.5342744289226555
-0.14545476671273078
0.3321958156162721
-0.14113077543468833
-0.48774303806016645
0.010069413145767259
0.8648263992699868
0.3182884268864982
0.46751498274388065
0.10737466469623999
0.8749227635818343
0.6685026407606637
-0.48371673954092564
0.2950895120920466
0.8097348900223533
-0.48536714999905395
-0.6059858147293389
-0.18236233162443027
-0.8852846944689922
-0.3267734519701383
0.21193533739832993
0.35594408012159523
0.8675070117296799
-0.6000603496173451
-0.36137863779974433
0.3311105851779933
0.5138526883405325
0.7424780315566601
-0.7473050584800061
-0.6608624014307861
0.8490751778143301
0.8036031846061072
-0.21777388886200566
0.5725533884117909
0.5177359664862742
-0.019117426460697057
0.2627141054989506
0.50045299348087
-0.8940840845652165
0.19738289885131444
0.1326470291698932
0.09892226947565214
0.1661308701882096
-0.8791396503631259
0.9577306819143
-0.049047493438711225
0.33817238728242466
0.5824784783363871
0.6660241548544815
-0.9980285932932697
-0.7238407901248961
-0.7212549061563206
0.9251177779441503
0.4398112593804814
0.2095988766671973
-0.1842440072913289
0.7988171864994725
0.44481172329577845
-0.887446999668482
-0.7284999734026564
-0.23673768395656883
-0.08719771525716567
0.7952737593912944
0.8771773236618582
0.879674578505598
-0.4727746675111806
-0.35974685761383485
-0.9268049703065944
0.19412020954682452
-0.3589822745959219
-0.004932906658565978
1.005351685271969
0.5772634824834021
-0.4415057610322628
0.8310489596377894
0.6826296478623057
-0.13608338489170776
0.6469980150873514
-0.14000892273971416
-0.7423013834985052
0.3179624890943841
0.8294373859261563
-0.8212266489359753
-0.19710450533917465
-0.957272956176852
-0.8863327617498704
-0.8268393742467696
-0.7701911545376254
-0.477394780093104
-0.6385858019000602
-0.31780659711003023
0.5144483907651398
-0.007414177417968193
0.8343513981199655
-0.46874609199937406
-0.7091270410828113
-0.638935372828411
-0.804942780410981
0.6355378984361054
-0.7789812159637688
0.8702247325860687
0.9997603563865328
0.4835724983752455
-0.2828263351350238
0.8014854830017932
0.22913060485534506
0.9267429746622734
0.8004072581530266
-0.9299273600743517
-0.7358358447107473
0.5644349715643022
-0.7345160087307315
0.3689983112573086
0.6283043515585626
-0.8154045775919201
-0.6718400341220407
-0.27168865970914496
-0.7014930505806373
-0.40022410907784345
0.060973201388214736
0.6785019244156244
0.7053158827380182
0.8561314267049805
0.15282090492782216
-0.9256286886780312
0.07728499453258872
0.9631546626794423
-0.01925750189735406
-0.615257238142595
0.3332451155273867
-0.7125418157917915
0.503922512700185
-0.06046796771910762
0.7988398369479371
1.0026403551849519
-0.547768579291318
-0.7286889028998719
-0.7039964880753101
0.40582175535373594
0.5881780686485535
0.2671203404699691
-0.8007094105891155
0.7508017713731219
-0.9868399733666012
0.8805459805167862
0.6967480213403395
-0.929074682639848
0.8110432464976186
-0.8923101668799855
0.7584953547555772
0.501292121659048
-0.515757946671763
-0.7386787804214154
-0.20938802378133028
-0.3007827386300741
-0.7390830604437488
-0.8447032109614087
0.019186652266307287
-0.6002755582113708
0.3744856943052231
0.6834546185730127
0.2614563154675305
-0.3501271157771343
0.7471211238985244
0.518552246382736
-0.6608443728481119
0.757921216737476
0.6331846874368006
0.8299417875369264
0.08536064992834304
0.3774333197071912
-0.15022153586134343
0.8480936458307857
0.8130176440187951
-0.7597791835659068
0.1181700322315377
0.2672503455611548
0.7637241403336783
0.42742864563226873
-0.894126036041188
0.24953311532933362
0.47590255319479363
-0.7279312719359223
-0.4682733039328078
-0.06216766709623865
-0.057473032751109154
-0.8844822864011014
-0.13263525987271635
0.7817929261678526
0.7004957341422312
-0.21377726324543855
-0.1305825498995263
-0.21917773049811856
0.33726485412557744
-0.22154695991202483
0.8188688276435596
-0.863196096704197
0.8274709253023852
0.4349945514594702
-0.4595424948952578
-0.7272861710204214
0.2467581340881567
-0.29982048467199246
0.8693546180090659
-0.08065637103736281
0.8529256481685374
0.043349657531422996
0.027187848533263486
0.9661838172789743
-0.7272779746051583
0.7662714385822211
-0.3499343238217869
-0.618042847402954
0.6463567786926884
-0.7882413465596059
-0.00901672231052011
0.5753025609666257
-0.3993226016812434
0.17696242676377325
0.8242555129589761
-0.7762458343890216
0.47088587293414685
0.40405836837983977
-0.8764677824196758
-0.4950440334242934
0.8787349308890942
-0.4598015816323628
0.23814878070739742
0.3398455244907826
0.1343858356161845
0.22982255289804493
0.7487100520564234
-0.6438135751258626
0.7577740994047055
-0.42870432193614394
-0.8194937863301556
0.38710576633020016
-0.30527560171710516
-0.6587278800822411
-0.2835227862325601
0.37291621791988483
0.39065530710602164
-0.4646080054462941
0.596015495346973
-0.0381090058695607
0.026824473325250862
0.46767677902693783
-0.6706413300552376
-0.48639379176654857
-0.28495469553067
0.9421470367236385
-0.0415273805093892
-0.5134786240084529
0.23630699707140568
0.9589344904505316
0.6452551566693381
-0.3935185117323715
-0.8580505757121125
0.07048615134141031
-0.5045608128347904
-0.7745366696289421
0.03724376607861198
0.936732588382375
-0.193881013612127
0.24645989882860408
-0.5424278126187599
0.25953805130249186
-0.21090827027589226
-0.9214133652050934
-0.9380759891535561
-0.7058494583998172
0.4653282177453583
0.004678012326058942
0.8429191409599611
-0.6315487960409755
0.4573757894312555
-0.24792828455424007
-0.41771015968170355
-0.4885851328642001
-0.9887695673262222
-0.5983354378105503
-0.6556489415895206
-0.10364893169965252
0.11578443411484199
-0.09414098787079722
-0.8171274070065994
0.9497233414430176
0.31969602685428744
0.14590686566230548
-0.36655867392007013
0.9476037519902297
-0.06351815778663068
-0.6181992765037047
-0.05050472920753998
0.7092624975998022
0.24985219697091568
-0.0834312734444634
0.034014903889223944
-0.45046282701679496
-0.27708799065796785
-0.5392506473219196
0.11978590691569455
-0.8191945455118719
-0.6121217669958467
0.7002649967929522
-0.5339596430166444
0.9437964039047734
-0.663426433161983
-0.9407328498733957
-0.9830229908801936
0.0042983570146011745
0.7759412975053905
-0.3577565038897818
-0.8395203153723699
0.33544499322340304
-0.5249582647972905
0.6334518258824858
-0.6836750809357692
-0.31105409998490247
-0.18696149827470734
0.50958775442147
0.8723762589020435
-0.7425697107782532
-0.5410863191256213
0.7193287988272304
0.8245155919922093
-0.311200176183706
0.15531483438284296
0.7735755414612846
-0.11163284549350691
0.49380985509757697
0.8127042523981636
0.6556978709433448
-0.14657598438114403
-0.10106898594133956
-0.7816566075966119
0.1592149421886345
-0.9267830489778652
-0.4937615302126354
0.21220272298479678
-0.14373002249911052
-0.25641355698700363
-0.5453418765190501
-0.3302063209561617
-0.8566301606862843
0.0602362880769212
-0.64846244232167
-0.8062123212575231
-0.5869283836823286
-0.9608644424804496
0.19804689790526625
0.7942366703579589
-0.48025440178312107
0.5180535165009881
0.020029633945564944
-0.13064891616822935
0.3689636444456807
0.405444401741208
0.13232682767739054
-0.018176259338805675
-0.7511424443256663
0.4859569067534848
1.0685997853807518
0.7586319719970451
0.33357491627027863
-0.6312376025709932
-0.8169349642793774
-0.7088727401037235
0.3816949925019095
-0.5962691695394825
-0.7627332673712737
0.21554722846469726
0.26249167537964113
0.6408982380734546
-0.578243079028598
-0.5699552559066856
0.5331532229443682
0.20075600376801697
0.6240647396180405
-0.2252884563678641
0.1517077257506942
-0.23073251003059758
0.19359946710957657
0.5624652828247463
0.9684983595778663
0.22601525673527703
0.5519942504029595
0.10964735526140455
0.5346083133519071
0.6261238366206521
-0.902602245372678
-0.5286968823420285
0.7858552222668327
0.06168731925841993
0.7745689101647714
0.6553303316236236
0.4559323464423729
-0.48587527736684927
-0.5685535472096842
0.35125882809051523
-0.012140189991519699
0.05568780643620657
-0.9062391436001711
0.6750768619998662
0.9911846673596473
0.9017986015934812
-0.7789911813871775
0.11123381482808346
-0.8802603295687755
-0.4719685782390691
-0.6727083555094829
-0.4587526445036856
-0.6803460820654695
0.014980152861326911
-0.6218244374956726
-0.6647627833333903
-0.2966159764575423
-0.2547683389859515
0.1339205214257383
-0.8370058584925908
-0.42223734970016547
-0.669129581415904
0.2950617604491688
-0.9500148338583619
-0.4022707656814889
0.4054766571988774
0.9475064981003603
